3960
5187
7394
5401
7208
7015
6965
8205
6202
3031
2995
7553
6820
6552
6541
7314
4113
3516
5898
6451
4152
4177
5309
3159
7192
6772
2718
8156
4077
5238
5156
5955
4423
8069
6605
6273
2522
3964
6584
3323
7737
8592
7308
6665
6880
2419
4473
7254
4932
7484
7197
4323
3820
3947
4894
2083
6130
5819
1876
4638
6866
4026
5395
7943
3975
7431
3020
7680
6363
3397
5254
6636
6079
8014
8499
7532
6747
5634
6512
5746
6482
4934
7783
6821
4693
6865
3282
3039
5689
5519
5792
5833
5658
5727
7885
4258
2694
3684
7187
6142
5902
7015
7810
5100
4998
5998
4352
7502
5101
3517
4359
8013
1823
6935
7863
5349
4588
7737
7057
3868
7341
2695
5036
5818
4092
5476
4757
4894
7352
6051
7337
4265
7846
5098
5141
7019
7391
6891
8400
4120
7307
4080
5277
5566
7104
5106
5160
6631
6863
7295
5989
7925
6098
5603
3836
5779
7296
3584
4919
7035
4397
5762
4255
6075
5967
6166
6757
6974
4137
6257
2895
1810
6606
5597
2609
2332
6397
3536
4285
6272
3963
5473
3544
6537
6742
4913
2917
6153
6165
6863
6867
5016
5473
3287
4981
5503
5487
5174
4048
7049
7859
7079
5801
6314
6076
3399
7352
3709
2835
7846
4171
6218
7913
2556
4056
7002
3594
4211
5756
6968
7953
2314
3642
4027
7302
6082
2949
6817
3933
4677
4272
7889
6223
5453
5528
3255
4708
6710
1886
4175
4249
7311
4999
5851
7623
4135
3741
4027
3809
6093
4973
6937
6074
2737
5143
4872
7229
6124
6935
6638
6863
7106
6025
4824
4136
8550
7174
4362
6841
2841
5498
6592
5071
4082
7118
3627
3348
5924
3144
5507
7510
7764
6956
4888
7307
4992
5133
6759
6921
6352
7457
2601
3548
3599
4778
4269
2673
6943
1610
6199
7587
4033
7475
7243
6323
3434
5116
6691
7446
4873
7170
7360
5869
2262
4603
5275
8091
4858
4888
3661
7260
8303
4945
8218
6329
3187
5414
5103
7034
3992
5445
4071
6407
6381
6425
2086
7553
4715
5862
7020
6877
5601
6661
2295
3904
4978
6054
3808
5503
7469
6458
7406
7670
6559
5492
4273
6481
7535
4410
7975
5786
5288
5007
7011
7747
7590
5188
6124
6117
6377
4103
6084
7317
1694
5622
5981
6202
6217
4168
4012
2856
6856
4090
4494
5660
4166
7145
4940
7249
6160
6615
4540
7791
7782
7127
6401
7733
4212
3771
3866
4089
5052
6183
2841
6307
2580
4264
6500
2370
6217
6108
5409
6447
3082
3312
7062
5427
7109
5060
6809
4839
6764
7336
5409
5874
6437
2128
2543
4112
6034
3392
6668
6829
4004
5376
5639
4376
7347
5906
7825
8191
5130
6544
5481
7562
5301
5706
8325
5153
3292
8458
6755
5218
2112
4655
7201
7284
3230
3627
6142
3735
4827
6401
6587
6691
4217
4217
6833
4951
5501
3943
6353
5439
6695
8065
7138
4353
5840
4222
7464
6943
4517
5723
3510
6684
5747
7016
5780
4595
5012
5776
4804
4263
6917
3391
6596
7090
3488
4301
6066
6598
4764
5250
6081
6586
5787
7158
4161
6976
7381
4665
5539
7606
5246
2657
8042
3433
4261
4069
3902
4757
2681
6741
6920
3716
4781
7169
4348
5665
3911
2861
5966
8209
7044
4567
3398
5945
3013
7230
5733
4810
7508
6109
5924
4359
7205
4340
3265
4209
4883
6545
2333
7723
6611
3033
4574
6231
7468
4729
4861
7930
7841
2797
7110
8360
4010
7409
4083
7467
3877
4763
6882
4221
4337
3648
7727
4397
3636
4581
7144
6555
5656
4138
6439
4423
7417
4895
3134
6237
6595
5654
4750
3337
5569
5999
3969
6031
5291
4824
5643
4248
3677
6762
5968
4408
5027
4905
5743
5930
4037
6744
3928
6278
5985
6291
7903
6082
6022
4035
7667
5602
7124
5606
5056
8017
5682
7260
6760
3051
6454
7467
3426
4311
5201
4125
6597
7074
5535
7166
4896
4049
2709
6258
6634
6716
1752
6384
7332
7038
6318
3537
7125
5031
6689
5163
5660
6901
5497
3133
6190
6128
6337
6473
3609
2758
7228
6136
5581
7129
6306
6473
1997
1422
3606
4235
4807
3873
3033
6870
7970
5187
3692
7728
4645
7048
5089
6502
6442
4827
5463
5287
4250
6405
6913
4517
6292
4161
7651
7841
7772
4815
8059
4414
7425
5039
4682
5227
3329
7202
6897
3812
6508
4153
6970
5401
5527
6502
6926
6757
2980
7876
7529
3769
5118
6477
6594
2625
5669
8046
5070
4737
7789
4261
6969
8081
6301
7235
3201
4297
3872
5958
6883
6680
6915
3563
2294
3373
5929
6215
7208
3956
5528
3892
3649
3600
5406
7270
3723
7664
7697
7187
7235
3834
3815
5801
6863
6499
6596
6455
7788
4538
5153
4097
4683
6930
8268
5819
6132
3283
4443
7217
6368
4663
4488
3281
3111
6803
5762
6073
8677
6480
5222
7297
4178
3349
6516
5813
7956
5451
4236
5991
7480
6127
6644
7294
7310
4452
3367
4768
7099
6510
7136
2994
4370
7182
6900
4194
6369
7337
6960
7794
7150
1632
2235
6790
3786
4611
7645
7735
2062
5930
3539
4553
6763
4863
4254
7656
7964
6014
4706
4284
4496
5960
5780
3765
6173
5774
7256
4899
6948
2982
5566
5959
4061
4538
3388
6866
6718
7288
6548
6627
5482
6726
7276
5517
4898
4003
5416
4680
1962
3910
7567
3762
7848
6176
7132
6247
6075
6580
4132
6092
5217
1268
6066
5906
5555
7867
4971
6180
3982
3486
6362
5560
5149
7367
5890
6599
5600
6184
5253
5153
4049
3458
3187
5748
7001
7210
4671
3793
5717
7434
7251
7659
2975
7533
7388
4341
4494
7220
8271
6180
6627
6015
6107
5456
7870
5379
8141
3183
8049
6881
3085
5110
7542
7055
7908
8035
7268
7772
7397
3727
7351
5249
8045
2374
3224
3446
2567
6534
6780
4636
7239
4131
3651
6018
3815
4131
6747
5205
7860
4176
6333
6000
4832
3125
6484
3503
7082
7425
3994
6054
5817
6911
3631
4316
6676
6345
6421
7884
6588
8274
5023
4194
3774
3786
4842
6043
3705
7884
5834
6001
3710
5309
7522
6624
5118
5683
2595
5899
7707
6872
6689
4181
7116
5889
7242
6831
6105
5569
5129
3130
4755
2867
7366
5125
3838
7189
6340
3302
4685
5432
3469
6668
6253
6615
7980
4989
6594
7605
3637
6673
7337
6165
5679
7023
4125
3381
6839
6940
5890
5705
7349
5497
7048
6122
5110
4927
4689
8182
7825
4868
8078
7159
3341
4818
4610
4652
3894
3039
3951
4295
6808
5614
6902
7308
8260
3567
7535
3409
7027
6459
7186
6834
6545
6908
4870
3655
7277
6457
4450
5304
7337
7110
6062
4968
3531
4568
1363
7110
4465
6214
5777
3418
2755
3668
7247
3643
5472
4388
7134
7190
4153
3542
6289
7759
6977
7466
5371
7174
4960
3398
3920
5408
6909
7402
6449
4323
7564
3315
1969
5238
6422
7422
3185
1775
2523
5887
7970
2928
6211
5022
3917
5379
7202
4391
7375
5539
6170
3478
7606
6709
4986
6608
7601
4425
7463
7999
6858
6138
7532
4462
4090
8333
8272
6793
6508
6746
3061
6621
7189
6537
7049
5264
4134
6793
7129
4401
2716
5951
4193
6946
8665
7088
2891
7136
7176
7151
6549
5253
6602
4836
5607
4504
6409
3443
4245
5890
4432
6653
6905
6950
3459
5604
3310
5751
6279
4066
6694
6743
5764
5178
3399
7171
4338
6401
6374
6708
4313
4591
5894
4968
5569
7153
5976
3453
2573
5424
5572
5762
7286
5303
7254
4107
7042
2656
3389
4642
5038
6196
4018
3734
3397
3333
5991
2404
3548
3870
3280
3426
2566
2440
7651
7724
6917
6275
3635
3678
6569
3836
5858
5814
6646
4196
6617
3162
5073
7110
6698
7116
5052
4373
6673
6777
6677
7052
4719
5909
5315
8384
6744
5425
2647
5587
4218
7938
7535
2362
6599
6856
3916
6503
7037
5712
7049
2695
5805
6999
3659
2405
7362
5716
6196
8104
7065
6075
3059
4670
7719
5394
7088
3026
5218
6562
7529
6506
7368
8180
3905
4930
6139
3295
6510
6290
2928
5729
7947
5311
2321
4041
4098
3690
7104
2235
3584
7469
5692
5412
6532
8475
6529
4340
4461
3224
2935
5876
4870
5146
6290
6573
3237
7043
7595
6316
7415
7327
6703
6663
3112
4148
6249
4984
4513
7644
4181
5527
6257
7002
5997
6658
7494
5276
7981
5986
7425
2843
2613
6263
7033
6469
6523
5784
5738
7066
6515
6824
7489
3102
4085
5540
6761
6426
5083
6664
5953
3610
1733
2737
4322
7018
6954
4444
3421
6420
5033
5287
3712
2667
3774
5687
5503
5772
3065
6434
5780
7319
5820
4213
5000
5497
7349
1785
2760
4101
6081
7013
4294
5931
6565
7546
3913
5440
4126
3414
5718
3815
3716
6443
6463
5535
4565
6670
