-7.72281214843656 -2.32663433866166
-13.2812086523087 -9.63486371883384
3.77724411893231 11.6995106359586
-11.2295313314981 -15.8698106743053
-7.73952463905826 -4.22474797923182
18.5025125072348 -7.01937667505243
-2.73129579899966 8.37330805933794
12.3460101800257 4.47647819883768
-17.0827935794973 2.64478234204839
-10.9047781225331 -5.50624592013719
-13.3016511485613 0.989232743262324
19.3257271033975 -9.17294156374345
2.83578528832852 13.5507146434898
16.3271257332609 -3.88801770558909
-12.7432897839426 5.19678552598552
2.86313315991752 13.1758158837323
-14.5678691595112 -8.6942528243439
-14.7346751237268 -0.39000384116526
-0.938999026784472 -14.5656603431671
-14.2458831587918 5.05406670802968
-15.5867125226061 -6.59797069187087
-11.4377744653402 -15.9946841955221
-11.2782212703371 -17.9782603738801
-9.99003419712347 -2.00715096131718
18.973646044533 -9.29375805840067
11.9488810222677 4.88738227898202
-8.09410805785447 -3.78859762965262
-5.92126684851068 0.51391326782467
-14.8000624491059 -1.44717697254818
-12.7675399137801 -15.3847968373075
-9.09176425834991 -12.7986872321681
-14.4767170810457 6.11461419661131
-6.71889513050398 -10.107387885409
9.25911948176649 9.87208958550967
19.3546285878413 -9.01179400999099
-13.4604617847639 -12.1048886219381
-13.9990726308203 0.0544281387317405
-13.1732727779062 -6.49439603320551
-14.2138983341626 5.26418907062452
4.09713592118001 -8.87422849391015
6.54082387238695 12.0614943522058
15.6903545148933 -1.60331084936568
5.51429709812622 13.0428170691495
0.751957700506981 10.0412876147357
-6.37719408825102 -6.43572493088562
-13.8578529807741 -11.0517386207458
-7.34272882486781 6.56242632945925
19.579713123885 -7.55308080214682
-13.7860559046886 0.568603390879325
17.5508022203416 -12.1275496618921
8.7258063045042 10.2604190350969
-12.2258091967364 -9.00673519644018
-12.6745858832582 -10.3166587993129
-15.7925930970855 2.84303078898768
-10.1179468000541 -12.4610702633184
-8.97924306579072 -4.8269126293242
-15.0648489416848 -9.69807570520998
-0.815070564438511 -13.7647351563003
-5.31950021731184 -4.32081454823624
-11.9843279507531 -3.88399927347043
7.07160026646191 12.7080066494091
-14.3871779779881 -3.72901889404476
-14.9313527461834 -5.77776303734139
1.94943844129003 -7.18146349192354
-11.0410499564651 -14.9937261725452
6.55572281944784 13.2130168853667
-9.26090257376515 -2.7571905852093
12.2531811972488 5.03218194761659
3.94962875811067 14.3836942040125
-12.2817877330743 -15.3253893231969
-16.5009955978992 1.12372826695086
12.8747246913383 4.47259328855633
-16.0525294231938 -6.10192209388863
6.74426742086883 9.82729579719884
16.6322914072415 -10.2156384867204
18.3436189742125 -12.4836505139989
-9.60367741084 -12.4551866966627
-16.0661371469098 3.25148449534155
18.5461738406861 -9.37008811524398
8.63608314240616 7.83795126471427
0.208619628178738 10.3314995454525
-1.19404988502225 8.28889802137331
10.0526963573235 6.66183507167463
19.8119843926915 -4.80551084826345
-12.4040928579098 -15.5463887320641
17.328297320926 -9.50135628308577
-13.7848904316042 3.64360050305113
-14.1365556013391 -9.60169234565764
-2.15450122004848 -14.1485101984095
-11.3513566383007 -19.8186470489497
-13.5397877186225 5.03586242591025
-16.5887172935612 3.73353793235276
-6.82664554083522 -6.26781250488104
-5.61155572412368 -7.63334143277389
11.9372656322873 4.23663030120948
-10.343561735241 -15.0172316360359
-13.0442832188343 4.67749666408425
-12.6762648951158 1.99605571623627
18.6217082988144 -9.33996214642033
17.8494569813949 -10.9460135623749
-11.1295760322848 -19.594763814277
19.6813235494316 -8.36912131082434
8.58823973465023 11.4293358500962
2.21323192832052 12.8445489517784
-10.4477251018297 -18.6275939730164
19.6893308202068 -5.33133222544114
-14.9905143798965 4.12391240433225
9.33183966311601 11.3478005052367
-0.184976755152974 -15.3254820552326
-12.4535295706419 -0.698034373034989
-10.8873135891526 -17.357277487097
17.5287586914432 -10.3338423265248
-8.68941049340163 -3.4992706435141
6.88526999364975 11.7707934707556
11.3721833026302 6.70788917265179
-14.4060208466257 -7.47369269567337
-10.0104802059532 6.04435000917563
5.11520651731118 13.9828192340266
-2.39099939242493 8.35403946635481
-12.8882187154147 -14.3332401410913
4.62364945167682 14.4803884266389
-11.2405818990796 -1.40668134921543
-10.6989769322964 -15.9288767659209
-13.2744947124247 -5.92216490661849
-14.8419674940032 1.44041589636072
-10.2343030242997 -12.1042640857284
-14.3086107607848 4.40396947463005
-15.9921777283566 -0.304392501829728
9.46351212858292 8.90824685728576
17.9225410657328 -8.95812534435932
17.8253199565402 -12.2052991511447
-15.160371368588 -6.18823155792436
6.75984570034238 9.61722823080688
-11.2825059118933 -0.302304274739079
-8.73542384848433 -2.08576401765178
18.6168454870663 -12.2268495142171
17.9241259405239 -6.18200885194885
16.7820859605235 -10.1689450967096
9.13445671517612 7.15699533890628
-12.938392366824 -1.374150318846
19.6908496585483 -5.65751294574283
-11.067550243198 -19.9368649390625
-14.0936986480456 4.20318635204971
-9.9791107848333 -8.33056972329195
-14.2410386124446 5.74256343437292
-5.4087922105699 0.822143665331836
-14.3437857079433 -2.40714480133552
15.3989806236692 -3.15328375225653
19.3009606247251 -5.7481727365267
7.38882110507676 11.9807191290324
7.89326792366628 10.4596875344284
9.10509859570826 9.53639399633809
-16.7892432954972 2.36032963275776
-7.16038357078457 7.45701789748541
-12.3813130928496 -5.39627064346581
-0.326463887945931 -15.1696037183997
2.29288558562334 12.5704780153879
-2.66947979858064 8.0689362277838
-0.746457990758969 -14.3838395168461
8.66414301337494 12.3162728100888
-2.25205141380885 -12.9048633054395
2.76784712945369 13.6792805857625
-1.41219137334 -13.0050799403897
-13.4059585308114 6.14036419687393
18.8440488096214 -9.84069125339885
-14.122867790865 -4.47689766831453
-11.5609724872766 -18.286154617758
-12.3805803692649 -1.55354290061234
-7.34732222195182 -4.66552648377168
-15.2926142765772 2.54576419840741
-14.9107746644545 -10.1239862172747
-3.73068668569985 5.95835017881196
17.7556739826755 -10.5513937897028
-9.66980307992714 -6.53298415153982
-13.9705645550126 -5.48866266165044
-9.33233644937776 -2.87857251696646
-1.45854386774248 -14.5609668376355
-13.6261163262035 -4.47075263420032
-10.6315670650186 -18.0102444959938
-9.95785337069169 -2.33303495666768
-12.960900258416 -6.04266930879967
4.79105957915496 10.4770579307424
-13.5883294267075 -0.454969306033664
-7.73191780207338 6.90988553936521
2.47733241459024 12.853958443335
-7.11008276408395 7.00933783753672
-10.0443014058943 -15.084688571847
-6.17678610890579 -7.0736930599028
1.1212257991605 11.5507277048837
-9.25752909471072 -16.4645518000306
17.0198733804202 -3.04449199453444
-11.0162019860038 -19.8549516409062
-1.19469742861209 -14.9276623248152
-5.69120499070511 -1.22530082443487
-14.0127765991491 -0.425476654862567
4.40214142164441 -7.98244909511658
-13.0377884637618 -9.33955012112557
-11.3869847079062 5.10274470410643
-14.4924379711498 -0.296764238124492
-1.31700114841679 -13.2413155037201
16.7882793364801 -10.5447016277969
8.25112998193501 8.48105003948411
-13.8156001907431 1.36474901407538
19.3842578782619 -5.11041299114645
-15.213252514432 5.69153763175723
-7.09801179285264 -7.20013283925206
7.49103288382425 12.8081375774779
-6.40558730278734 -8.60955580882955
4.04958967744741 -8.57909474014981
8.5794231661094 9.58720693678104
-6.76709014722841 6.05458706389891
-2.57523941841461 8.29667767715189
18.4359772716569 -12.3347572880028
-12.2691171649306 0.206634427456038
-10.4748857530588 -17.6136787556039
-3.59293201734175 8.3427823592394
-15.3323836745929 -7.29117321776557
-10.5858480638975 -19.2189321140396
-11.9949464713503 6.53499872236989
19.8785505389479 -5.09661260257605
8.62336972082181 9.91273853283319
-7.64844843225825 -3.91178432918773
-12.6572119743671 -12.0472619844213
-14.6180308681584 2.74121101384543
5.6364244865601 12.8731539747143
-8.07269187522757 -3.57548572931795
-12.7483788056565 -3.70484652937133
17.7358967685272 -5.03088490847524
-12.3879968245706 -11.0924690598582
-13.1019358494218 -6.16393435955356
-14.1983474527905 -3.19885180037638
4.90270192492175 14.2548570907871
0.100312123118194 -15.558291450852
-12.9512188933912 4.05570518205096
-0.274655483150607 10.0033517819704
-10.2482767585503 -8.70057967823066
-14.2280160840747 -8.5539833264054
-10.3834618011251 -17.9469590967561
-10.7297316524224 -15.2838411561338
-12.8091723826938 -14.7485159747041
4.50685275026188 -8.11278888882875
16.9437951753555 -9.53584487267744
-8.95827789806448 5.98360982331032
-17.1464386666309 2.12258014869383
9.41864808872992 11.057480387145
-0.265027684926697 -15.0449809951884
-16.7144085427287 1.03779131171742
-8.71528870272869 -6.01519217437309
-9.83644395301866 -1.67943981116957
-5.53905455195683 -7.40649182673349
-6.78413738644849 -10.5500196695382
-11.9129137455723 -1.10114211265948
16.7708274483772 -4.20140817765899
-8.03122309240707 -5.29875430216731
1.36569273568558 11.8121941095802
-15.1455061422673 -8.88028768942129
18.2222355496101 -12.2525847616559
-10.6135868853187 -15.4350597081754
-5.9850250406271 -0.423712287381267
-4.60677145090316 0.565108025399248
19.9137887124944 -5.36991999251773
17.4828408784579 -9.09450150183142
18.948248707012 -7.87278362774612
-7.77538453875285 5.87600272612509
-10.8327478113276 -3.70207651106404
16.9452943432651 -2.09265183010266
9.49021473975721 10.7040181829617
-4.71613413412692 -3.81688046711324
3.62371991127713 14.3189222821427
-14.2829710554433 -11.451759331979
-3.15765484520747 7.54792479806882
-5.19619910123735 0.775710908542454
-12.8676792720339 1.23028931867335
-14.2180368525112 -10.7456863723032
-12.6752069068909 6.2596716884056
-14.9444434185492 -1.22647174201379
-13.9345620446874 0.342899938749241
-11.8146227053926 4.402294677865
-14.286279903079 -10.9412659631559
-12.3531359018054 4.39460845663749
19.6465335807241 -4.96342990458161
7.07276082193836 11.9315163539357
5.91651387256729 13.9056788256445
-15.8555553392292 4.38968312101678
4.75858369624612 14.3906491066861
-14.7249523102921 4.58151549461076
-13.7636126445153 -7.86352482574739
6.63384745193559 13.7352022183512
-6.89518189159152 6.66883001772731
-10.6422481094883 -18.6430071613659
4.80422542067081 13.2581085402163
4.32067211323452 -8.46430617906746
-0.679265200746443 -14.2009775626702
-11.100221425394 -15.7253805287825
-12.2023599344795 -9.634230752439
-10.2751514860029 -12.9554092900223
3.63697216218983 -8.65378582851458
12.1984650811236 4.60243218877291
-10.0038301949725 -5.18182148838945
-12.0706474256336 4.2051850084241
19.531131372421 -6.9312524380539
-6.13215741171903 -8.46393384589403
8.05286888971814 10.7672024199786
6.95247472642444 12.8314020781789
18.3897405166701 -6.11648084785662
-10.8530231089098 -14.9418053652825
-7.54059931851028 -7.85649124134653
8.86435780097923 10.4511899078889
18.4074832461576 -6.71005562235326
-12.8537722767483 -8.42210502391997
-11.4477565069655 -19.4576510693853
4.89425347446182 12.9497056751731
-10.6547851997019 2.03116287065664
-12.8000895608082 -5.47123623973156
-15.4626862349877 5.70364197247107
-13.6738072881129 3.76615923595387
8.75188156940702 10.7258874880355
-15.2985519369204 -9.04839752225933
-13.1738671059529 -12.497956538044
-9.75488823521191 -15.4626826145519
-5.62482553792192 -0.393108256813228
9.24181793196379 8.83152233803322
-9.80316439246753 -4.49424360831042
16.7402497621375 -9.17051507547731
-13.123604235085 3.8108223563963
-10.6576858858776 -5.36218758090125
-3.90178651198656 5.47849139997777
-8.24957577442344 -5.901425948858
1.97071587712116 -7.03201879132149
0.255368868165551 -15.230662143751
16.1053416146679 -3.64092250519661
-14.7774737682404 -8.35327361668661
16.2871582258963 -3.89151833993482
-10.9724177123537 -19.4947382635214
-6.08489147163964 1.15613846466778
-8.3687234436967 -3.40425119569915
9.48485454709055 9.77757175565934
-4.25762611617099 -3.76964051324395
-9.24938623845917 -15.7449652537053
16.4630919729845 -4.06137130013946
17.7514518649918 -12.2109965512137
-14.4320567706649 -3.29338332927744
-10.3971102707356 0.31510070100186
-8.29059600114727 -2.71650097980577
-15.1376632601008 -6.61853173760084
-11.3209946242954 -14.4889287987603
-4.76144778384974 0.839559725148252
-11.6940745716264 -0.57186576463846
1.84157141339881 12.177011773038
3.90334563710608 14.4888396871605
-6.5766796648477 1.05127433894611
17.9376282869267 -9.40845985882844
5.41639876406723 14.2116341269589
16.108001338054 -2.12358797483625
-9.76182135990749 5.80716183493354
-14.7140703464118 -8.65590180496438
12.1186874298488 4.26592589680482
15.8934924691668 -2.15176516588044
-8.74244197754592 -6.59226942796703
-5.20720418094528 0.319760134535496
-16.8921589946971 3.35670444512424
-11.0445793939431 6.59256494356049
-12.5151970768637 -3.24834914897077
6.68090193487307 10.8538239764904
16.6105457448818 -9.44944636481203
5.84211327432935 12.728468113578
-14.2820732407345 3.24107462182456
-4.72802157320435 0.6643140919155
0.217327306829233 9.52430370593269
18.8437256525275 -5.18469433739158
-15.224702110773 5.11006350976847
8.28749709776399 8.31346498566599
17.1944456526213 -2.87003923776938
3.56918153155354 -8.79506554362931
-10.3988637492279 -6.5776994337523
-5.98445038301225 -7.03419623787068
-10.8648562786709 5.26620950497698
-11.7683234265333 -9.45973962076903
-12.9232341915725 -4.3030626421411
-14.8651153771443 1.35226285622991
-10.8666420728726 -13.6943501362121
-7.40907157122022 1.36430642935978
-13.1186971648653 4.38741680626676
-13.3859185758954 5.6724151619818
-2.52896850361547 5.86723182108666
-1.32923738640103 -13.2299143809433
9.16888418592611 9.43458827150427
-13.5644516300434 -10.953085785124
17.3303837917281 -11.0390624324788
-11.4043958501147 -12.4451393211033
-15.2454558213573 -6.90044889310613
-10.7034386077389 -1.96422568839889
17.2827490310524 -2.94618874814935
11.1388189198278 6.6764600377211
18.9061891087219 -9.98233171018257
-2.16288104353316 -14.1539645281426
4.28542129441043 11.2008581645663
-14.9620344047056 0.183725750815995
-6.56166129016515 1.03437216916058
-7.06438870226036 0.754501967964924
-1.75588290522559 -12.6756676491488
-8.3890429997505 6.78742656365233
2.68877269611597 11.4983298896497
-12.4093813940035 -8.34680661097324
18.3226643442176 -12.3200206220043
-9.55124938744284 -2.71341588333189
-10.6762098125138 -12.338925311999
18.858117383454 -9.53690988605656
-4.51731032705737 -4.31706083270988
17.3843425962289 -3.71541384318038
-15.4055211501028 5.27925100126321
-15.0519900994082 3.72909873740379
-2.50816658291032 -13.0720830512384
-13.9465968363745 -4.66478559344519
-2.26511420509379 5.63891711913456
0.723429954267427 10.8758885808514
-15.7279616783 5.42308611622395
16.1002511879231 -2.81199030066972
-13.4322009943845 0.454456928892309
-6.51974746382508 1.05543955288066
-14.8644760881106 4.68863364106257
-10.8603812554354 -19.3849898993312
19.0966059137414 -6.88755878889326
-15.6961574001342 0.0272818890687248
-11.2123695822643 -18.8084537582408
18.955182534223 -5.41849629948722
-8.53713254810433 -5.42320965107946
-7.62600201076561 -2.96653447290261
-15.6886390800925 -5.8075163217339
0.0981894727718853 -15.6277154298434
4.18405183165342 -8.3806534527273
18.4457970322197 -9.46125319024483
-8.36048153277071 -7.44078652206881
-14.3882120806887 -1.5898915754115
-9.91973909900924 6.38997565383126
-15.78203569533 5.05361639564444
-12.9008794483424 4.47844032441015
8.03124827510356 12.3960883971963
-16.6911328017809 2.0788742055133
17.1776428887679 -2.61839970660438
10.0547083614909 6.84645261188898
-15.1575697370867 -5.27608500765717
-7.62835895000501 7.16475883683017
-11.5005828566067 -2.32368236886017
6.45044666843141 12.1825799102695
-10.7752476265866 -0.821272087092684
-2.93361788040221 -13.7321672438712
10.6859648337992 6.35976046554907
-11.0721271311696 -19.9479267468907
-10.132715781762 -1.67649855472827
19.2228507450612 -4.5898315886839
-7.3217450404829 7.02813082757944
-10.5379294869915 -0.872857267612801
-10.3904469119619 -5.7004945955237
-12.3907815957017 -2.2715038262521
7.34247054259169 13.1476885712831
18.6776608420817 -10.3081316671258
-12.7242811216654 -2.3001810326476
-11.9403898262257 -6.36277256818926
-9.10897026605527 -15.8658217917415
-11.8946216490251 -12.7065389868347
-2.83812441579495 6.2707201484408
-9.36209921772845 -16.2638867000411
-12.9094227383843 6.38440681408439
-9.25237684660884 -15.6488302333545
-14.8728304015041 -8.03592316397648
-4.24928515057056 5.69158610532132
17.1592707054628 -11.9170493460004
-10.3886941359851 -13.242548418285
-12.7852629728357 -14.8007964698627
-6.22738794346455 0.771300516725766
-7.288772479171 1.09128013340116
16.807532474124 -4.11936847063399
18.6906700226585 -10.7911798659739
10.5981504061016 6.47863380255019
17.9120159796867 -4.20273896140354
0.852652397201567 11.2293198743562
18.814856483793 -7.82839975718377
-10.7746975570115 -19.1585256229996
8.9429552263457 11.2106512295431
7.58269077339332 10.9065056079548
-7.00050932623372 6.42250422539672
-14.8677765055612 5.85165635167479
-10.4244367156043 -15.3996718988441
1.40434513418096 10.4841547415312
-11.8821274122523 1.21802410192797
18.4661264234894 -10.9580581892779
-6.68659803776993 -8.65227506910047
-12.1048571166029 -15.3657776372991
-11.6480886146452 -19.0485749343679
-11.3313489990941 4.66793121410401
-11.0966940954622 5.41502475176131
-1.19647075316501 -13.4359712867935
-13.2811117051805 6.05974282457789
-3.98668383221049 6.51052519262827
2.12466580912182 -7.03324257318588
11.6069906521086 5.76301014571803
-3.40236755236208 5.94008548036628
-9.00413248466191 -7.75164186844871
-2.00193866819102 -13.9546461502163
17.3013361840765 -12.0003374668368
-4.82787711522786 6.57158923810293
-11.7886879435741 -15.7928234142851
18.6555498717028 -11.7169750614805
-2.67402063872967 -13.9633144880032
-12.7596085146705 -11.6701819142798
6.78484962922729 13.0842134928815
-14.4089046724313 1.58094391997437
2.02854308279088 12.4856717587255
8.86404588413205 8.32759819091735
-15.419369134093 -6.29758633784963
-12.388494205489 5.97642379306297
4.99741716160555 13.4219112510046
-1.61431998858153 -13.0983016292872
-12.4189524641071 -9.88293139815225
10.5019662096713 7.95283501663624
-14.4188431581004 -2.00002236170554
-7.89994508934939 -5.88081045818285
-11.5378730776996 -13.6391317215604
-13.9058066834512 -4.54795104401192
-12.5459243988882 -9.02185578711658
4.10511579385375 -8.74953341161039
18.6024565662014 -9.85864473751277
-11.3034493016415 -2.43230381049974
-6.40821400794863 -3.40806185888187
-6.8596402313829 -7.02604003382612
4.98531211837629 13.3214515457186
-7.61359664219362 -4.51159323651228
-15.2502090406997 -6.43219584466531
-11.5692010504096 -15.9903398401551
-13.3919250827499 -12.2061491948048
-3.77767706410512 6.6433343280473
3.87942498700125 13.498485431957
17.4988807105634 -10.0912778017613
-1.09162173152491 -13.0307407211938
-11.2877206838677 -17.7923677681756
-10.2737633155299 -5.32820409989769
-13.0414703470863 -10.1560757167017
18.3196182373496 -11.3732342657009
-1.13633209612944 -14.096156641647
-14.4507408708173 -3.83492611795743
2.55911539613587 13.1816987478726
7.90184704199463 9.89047722415413
18.7550724214165 -8.31288284378052
-13.9546483656212 -8.01940421635342
18.7223352027708 -10.5055188301582
-11.0151018468536 -19.890680170217
-11.4067134484905 -15.3756360362101
-12.8673750828564 -9.72474389312861
-11.3814144631285 -19.8849392141918
-2.23701314915842 8.18951035462057
-13.0695337306322 3.63822063995267
15.8322246942198 -2.20551936276469
-12.2865240920466 -14.6338963685807
-14.8476381984862 4.98928846352112
-17.3090386710174 1.80584896332782
-10.5422394191029 0.253626035263292
-5.618931257906 0.399029515902708
-10.1336655826119 -5.73384177318416
-9.48449145447627 6.17698070567757
1.1546216260139 10.3619957399033
4.27497840266863 9.71819093713479
1.89103447045919 -6.91305799115038
19.439253595525 -8.23584921774249
15.7614884164209 -2.35088209750966
-10.688203155791 -1.04965054231929
18.1182702923703 -12.5374575751686
-15.3579285403524 -4.70568770976376
4.75335417144787 14.0595802840811
-11.7309538211978 -4.93530004551395
-13.2771136899163 1.80889226013411
17.2323182589987 -11.7181173515559
-12.9231871230393 -2.51573129283286
-6.1951003346887 -6.91798648809048
-7.23862025448205 -6.3709902423332
12.4826817452325 4.67892628296717
4.72499713645576 -8.08137626301047
-12.4233762037168 -12.2797222298761
-3.13871983728157 6.1344743075794
-9.46491726728476 -16.4079360822054
-0.419535765429796 -14.4044407815839
-7.68004406334385 -6.13392588643417
-13.1119993828359 -12.0089812165839
-2.91213076567135 -13.52231745726
-13.2937239645442 -3.92639972346159
17.3221531210488 -9.25058040681717
-1.97096906616047 -13.2232222190373
-11.9392257581722 -6.97799711169047
2.43771756996729 12.9441909291137
9.23917787900949 10.760292478292
-13.7353265635808 5.3325979148318
16.9481058099823 -9.33073179629618
-15.2728117718737 -9.33385201854113
12.4935847845755 4.17611702782535
-10.3607410473604 -1.50789643420855
-12.4529071419784 4.51532589662026
0.955034887196504 10.4932509112098
17.1600448774573 -3.70578275191543
-13.4578842556821 1.59280870292944
-11.5235775913859 -18.9696936927712
-15.2006297173371 -9.29453293291067
-12.402016924839 -15.2968454191027
17.9921322433946 -11.9849263860336
-15.2366280125697 1.28809755642668
-16.266608352643 0.48759704013225
-0.0335802910809093 -15.2604965686747
-11.0866333721098 -17.6565040957035
19.3472999469634 -7.92174684508404
-2.60737238598329 -13.1999984642307
-11.6153254029289 -18.9662204565269
6.48951495605637 9.04302444091605
-10.5924784044464 -17.7991554721789
-14.989228776675 2.16288837603788
-4.88381455441352 0.698886280842341
17.2100878609982 -9.49529568254379
8.5456335793622 12.1427304254957
-11.6693776419808 -2.0243622378882
1.39592970194585 9.66657150898787
-1.43911984322233 -13.2473964772094
15.4912363538621 -1.18165090685922
-10.9078438998329 -14.7149209847287
18.2061114156539 -6.36557174088655
-15.3869873882507 -0.184634697912834
-15.3145257325763 -0.328656681975708
10.3016495573308 6.5523986243316
-6.67939479589475 -9.7519769034462
8.47766169974714 10.148258232949
18.7454451500792 -12.223799894772
-7.35791053438589 -3.71198191813591
-15.5568766926516 5.53489214808397
1.86786937569028 12.3937883617061
-14.0864810046042 -7.62531027647437
-12.3924156465723 6.41122604281866
-5.13712721386945 0.879781543095444
-14.3560769177593 -0.910530535239353
-10.8836942297006 -1.13281870864742
-6.17884553286416 0.366821993884908
-3.39926085353899 -13.5005106760587
11.3381759361024 6.21148123803141
2.56065706622853 13.0416213879019
4.73311961976007 -8.20815079095811
-8.76706163049523 -2.45666089831022
17.6655173685624 -4.17483667342526
5.89531336217483 9.08469625069339
2.7967085705185 13.2538892325943
-8.03675434757889 -2.4276069680199
19.3218731037947 -8.81324875028609
18.0848502287349 -4.82480640027587
11.9212201800583 4.47252514456044
15.431044832541 -3.30171542562067
3.96460287432167 -8.88177526582648
18.2297918054846 -4.0465960616536
-13.8444068356051 5.2312417998678
7.65024535884796 11.969910226756
-14.2392226100798 -7.1697623950617
-14.6946879459304 6.08841599150971
17.6987519681265 -11.1541190031944
-6.88088675653548 -10.1013898087396
-7.22747800863807 -6.86090886637558
18.3860438805218 -4.38880653735524
-7.09864300295893 5.98110114073986
-15.3887956629458 0.348773318931364
8.680805274144 10.650416256295
-12.6739585369867 2.6792266731685
-6.70107090922763 -7.50617033487076
7.32230483741521 12.3280652339555
-0.648129892890836 -14.3904319215622
-12.2745019456371 -11.4952422265131
18.0999922461316 -10.1928320260742
0.0810178883221866 -15.4571812162855
18.1707481943624 -6.16615360577034
-11.9797756508212 -0.441195086162729
4.69450445458204 -8.13588759589033
-1.26810783136331 -12.7786880231465
4.6656451210635 -8.1665934911945
-5.29380290570584 0.993270450647859
-9.24921341966546 -16.2355809486747
-7.2378829645471 5.79629883896964
10.7905595448567 7.37561041043261
10.1425115489418 6.19364366896205
-1.06629271362866 -15.0160893459604
-15.7443316926537 2.73468183551726
4.16513871147362 14.4867799119444
-8.27714599214339 -6.74177032980282
19.4068353188807 -6.40470132298204
-6.94497442838462 -10.6049542679596
17.4757342324531 -4.24386136021398
2.8136588626104 13.4359404839736
-11.1951951877529 -19.5340678868832
16.3492142231463 -3.77142946876501
-5.62579869740967 7.75966575619498
-12.7805568220266 2.94266363362254
17.4810635144413 -4.92827260812302
19.5258287860189 -8.79730235273162
-15.7813669006486 1.27172754207301
-8.8166156633027 -15.0927162155694
-10.8952309379538 -7.1342344339038
12.9685751315381 4.27269041779923
4.46231327253365 11.253823612261
19.9204274832284 -5.45423747407557
-10.3023894139284 -12.5133079050364
18.067568349364 -11.771375045666
-6.65569368185917 -10.6552803652154
11.3174952871219 6.29568684400836
-15.2717523786179 1.91682989082519
-15.4780305768259 0.856140494128404
1.83358205676689 -7.00383492638079
-10.7074106299325 -4.52420580322642
10.7200073260982 7.41831140530257
3.86708460110576 13.3026634732838
-11.7349398936998 -3.33619839508897
19.1767643283747 -5.14320737698455
-13.1809730494421 -12.6047880582038
-2.78763691562105 6.93637037075881
-10.4955713196473 -7.58406945990818
-13.7147885252309 -11.4533020558448
17.8393815052186 -9.11131304712756
-12.730815920117 5.59101470008322
5.94534510546897 12.9037920772803
-10.5831869354806 -14.5789175116877
9.5059243896146 7.53442315418145
17.0561161510195 -4.62161408887164
-14.7039344539093 4.77742807777329
-14.1369750030458 -11.2597709999614
-0.342763123870885 -15.2388619037517
8.30884935148752 8.40777768101322
-8.3625743262116 -2.66173261409604
-13.4021607324423 -12.3075074173151
12.034718571569 5.21517035456829
4.5372997686332 -8.34841291248469
-15.2267380004647 -5.58457076952008
7.6128595956577 10.1764291013544
-10.3256553196604 -19.21148404554
16.236241313171 -4.27106227435824
17.5339825961181 -3.48228017632152
-13.2508220502637 -1.70212824922495
-7.57880491719754 7.3308110019984
-12.8490239750139 -0.231273291720747
-17.1536029189001 2.45560336920172
-10.8208781107645 -16.9007155246733
-2.73957601896974 7.6924125498562
4.71262935245883 13.3471903057345
-12.6901782130402 3.70046420882015
17.9668852441738 -10.8430486870955
-12.5473160819384 -6.53040732497346
-8.05481110145978 -5.52736792443129
-6.63853439142935 -7.80291249768882
-6.20170257462071 -0.418427263864714
12.627079575046 4.6094566404733
19.9621456590235 -5.12411836450607
-13.8932829410307 -11.5649696921667
-11.7571766143391 -14.8682126597793
-11.15075616973 -17.3616457279884
-13.6694137566664 -8.41889874353587
-11.0066892246801 -6.0136447085282
-13.907309363938 0.656441704101269
3.08779337664657 14.1476588575772
-6.66495494266187 -9.05275101032687
-12.164483815525 -1.97400575684042
2.37212721763139 11.6752921193151
16.9649479146993 -4.69632001787469
-1.79229647488682 -14.3370864130244
-11.4005551983049 3.90473742801491
-8.60961211792196 -2.17334977657966
-5.61529907754757 -0.304485233865378
17.7381068820435 -5.52502538675803
3.70067696313421 14.5012025535495
-10.1583470569183 -4.7777979320985
-9.35136548460212 6.250902188398
16.6598328218291 -2.6939064153736
-11.1539807155151 -16.0150093716993
-17.1813508730217 2.226604417229
-2.64188727599606 8.00548222484493
-17.0356070236606 2.00686602354356
-7.17233300684795 6.17053231662288
16.7359489627266 -2.5281010087472
-1.31711074082256 -12.8612855713234
18.8530859680046 -4.51579427873334
-11.4771083037946 -13.0966268325222
4.23652270849129 -8.56282167292431
5.09168840854291 14.1596522008544
17.3340986932774 -11.3899611578888
-6.95099849812467 -8.957955686885
-11.6659739547632 -17.4201329468967
-12.0973226387064 -5.23250551725253
-11.0021193618628 -11.6030066871528
18.5893616787432 -4.51749221460009
-15.1398129572908 5.85280004678112
1.97889350788607 12.7889645265921
17.9277691855002 -11.8166177413312
-14.7631298083625 -3.43728204383743
-14.5969575130572 -0.367024561725351
-11.9922354643384 5.1198270690976
-15.5743004801376 0.52374637618054
-13.9326280197318 -2.61797003060965
-11.752523854702 -2.74879087175675
-12.5487906618083 6.37533593496094
9.02925222073269 9.21678460528987
-16.0263087375987 2.55913447191094
-12.7646005892562 -15.1398507852649
-15.1262277140683 -9.0520098565571
10.5505072152408 7.68510287689465
-10.8954943812369 -18.4959763037524
-11.6247405146089 2.60763051649351
8.14321799305681 10.848542465551
18.1273313362779 -12.2775662100473
-8.53729342413587 -4.42812123226432
-11.1802014011101 -5.57288881620347
-13.93958221989 -2.67963059949165
18.4686344035445 -10.3649419817227
-14.9462769837995 -10.0228893305013
16.9006944492106 -9.67991778910838
-10.8604051409598 -18.2227160701584
-13.394566540735 4.47536752195616
3.94449056031723 14.4702328637045
12.5035633136236 5.25402859008219
-14.0866763038914 0.235283006348105
-6.25045819865156 -1.03661501741415
19.3949248724232 -5.99137496966408
-13.5833626426769 5.7642985590012
7.904437216354 11.3937351785922
8.23997965716368 10.0216452835483
-6.40061665492194 -4.09152558911605
-6.17720199803537 -4.5909399823903
18.7365611400579 -6.02948116241919
-4.63863368659125 -4.07392081609452
-14.1319204045875 1.69131506408581
8.67609350321145 9.28961999916853
9.72687391988685 10.3399297305115
-8.29428842220309 -5.13450505501414
-9.27926913694696 -6.62498943498487
-7.32166987133279 7.33683085664593
-13.9107847077286 0.951248436932865
6.7302431055078 13.3550500482711
-15.0723869321583 -0.121014901334469
4.53307694843408 -8.06586507375967
9.25069632186173 7.3153352897764
8.6497435547788 11.73472351895
17.5250311446163 -11.3150582611244
-12.6749603239779 -12.6291611282401
-14.0257267684305 2.3623978381589
-6.92425584357135 1.08560205250623
-5.86495180728592 -0.376390146068154
19.2643384957981 -7.68739191553719
-10.5605554011744 -16.6521866439806
-7.40705148812547 7.4821581143621
-7.91936402063272 7.24719902155269
16.4931849235834 -2.63403743644548
-12.5565661024943 -3.63961259933226
5.16161819863791 11.3140081084278
-9.71121495899849 -15.8489656367161
-7.06751735469037 -4.3076737777395
-4.60006629246188 -3.9443345031024
-15.7088841695116 -6.17886316351987
4.13624284715315 -8.53207292417942
-1.39191809548959 -13.2911133093789
-10.1633124359181 -2.52579078678333
-7.51149340207877 5.94580044332084
18.040298105729 -4.26692125329852
20 -5.36616996519733
17.5469622710472 -9.38980491306607
11.2626780087759 5.99280153508629
1.22122430307229 10.7831284445859
17.3898938730902 -4.73217104831209
-13.9280602644607 5.82323609029473
-13.2886602333854 5.64367736363119
-6.70201649498508 -10.6299792723071
-12.0792202213231 3.49800347941308
-12.1231906615599 1.92616421323174
-7.5787223716355 -2.80706127684305
-13.5439135916935 -9.97868846520625
6.54070655231155 13.897960991223
-11.4046157374416 -2.51047849721127
18.2244175625095 -11.9722403625507
17.4204181681579 -10.9520341195379
-10.8024321633401 -0.466189531089441
-10.870365404607 -4.57563779147742
-3.45388704769028 6.41559849880258
-12.6724186231826 -9.70473906398368
-2.55766900278791 -12.93709190292
-14.942608448268 -8.57530888454291
-13.3786917997536 -8.46217790859779
-4.06848516697151 -4.37235116737784
-13.4886143877683 -5.33257479959306
-11.0418838422705 -3.32792689070084
-9.29990060984794 -16.3975557143361
5.3971428163617 13.8008312090352
-14.0319608902816 -11.2757960792431
16.7263385517593 -3.81377428008361
-6.77855906274343 -7.04947313822838
-12.3995525007401 -0.401411286580892
-9.45956901738027 -15.7703373006711
-9.04284670451439 -3.41514830756821
-8.30956286375682 5.6816307592821
17.6635334650118 -3.23794441259781
-10.4692810850255 -19.4478495742234
18.1263154989782 -12.4215881941102
-13.6890771633164 0.711304294691914
-16.8237058920183 2.87591413084103
-6.74752860531449 -3.13354864512626
-11.2165045880358 -19.1824251976418
-7.7771471499456 1.18726586922489
-14.3610500244287 -6.55406927377429
-11.312765358647 -5.18560514863566
-5.95251368068947 -7.18576780391157
12.4906876109769 4.85612947542215
7.58628905738266 13.0234501240073
-13.4828193380557 -10.6438609770376
-12.3904984819868 -9.77873922843132
-15.7061008034113 3.50384138256641
7.91214029795163 12.7619752891258
7.04397103744655 8.81302089189047
7.59645515804836 10.7698832188274
16.9506109799757 -3.37451740610959
7.73998608383155 10.2555042372076
9.49410948525445 10.3508524402862
-6.25629820935116 -8.71646530820115
-13.9964171225267 -2.38180629948108
11.5479568762023 6.14363159609971
11.077639661824 6.37684002047854
-10.1808057724309 5.67628321189302
-6.26615801329305 0.677474664565686
1.05907987993661 10.508926840327
-0.546736720238343 -14.2727907966105
-1.80227491612053 -13.5720316635836
13.0518794102292 4.252786750875
-11.3018307061101 3.44986431266467
8.64532051768452 12.2963494727328
-13.5335254961546 1.87800537605153
5.31781407244137 13.0225045382499
-9.85791352681759 -5.2308824431854
-6.96680439259482 -8.00222174291468
-9.96873322702571 -11.8360696908394
-11.321078926146 -2.42329009856871
18.582277513232 -12.4557199058677
8.57754042477956 11.76701815288
8.46141392307682 11.0813040901217
17.7519815616197 -9.34119119715039
17.2240398172708 -11.3112541401165
9.92737463126772 7.86425835970621
-9.10777739486942 -3.25450678445536
17.7292608078549 -10.9151366045656
-12.1002746085079 5.47133768543981
12.1086119536725 5.12649113038671
-10.6531687117168 -15.4069330982415
-9.72930402858878 -3.73627252493623
-12.2818523644931 -7.82460336384555
-9.9636252373954 -3.18355154138091
5.79657481967163 9.51360861115454
7.48387284664749 9.99783422584928
-15.7606117850334 -6.18579488318461
2.11892836567376 -7.25336699909548
-14.1726936971407 -8.41692994406689
-13.0386392099373 -9.02840498713427
-15.5544459892929 -6.00607844180892
-10.4630841964917 -18.8665447584513
-12.4807429105277 -2.76433349857265
7.73516682803951 10.8410634863728
-4.47474983527173 6.46507244485199
10.875025784055 7.25140146880459
0.204311452355892 9.93161512221107
18.6385953645184 -12.0995923581748
18.1800298281123 -5.61612495219581
-10.2148995483556 -5.92252986338
-8.11391653393907 -5.43603582638897
-11.8729848765559 6.03091369922247
-11.7581643510218 -13.6326868450829
19.1236738329349 -6.20288585398968
16.0236938673409 -2.2948457792784
-10.3409589156041 -12.2380216169665
9.1000770154748 11.5979971575402
-15.7285855119944 5.10661977917188
17.8220869805701 -12.0904701954256
-0.918288872156268 -14.0361625271594
-12.1837791040941 4.52192462397516
8.97334463845244 11.5975110168685
-4.69705609845191 0.410654038583608
-15.6701432540731 -6.18983733254924
17.0046484662037 -2.96592908023806
-5.32226602052661 0.588943319880354
8.35044880217643 9.24101998230356
-14.8578148368832 -8.99518830171337
-6.16780234169462 -6.8426504905687
-1.69188418939171 -13.4645475065971
-10.7899997479244 -14.3473150375626
-14.2592042562158 -3.61539761721939
10.2424879236178 8.70579736812542
-15.7083052968042 -5.50309636787339
9.98619062739331 9.29456289767477
18.5186155657283 -5.55686356129294
10.2608910176016 6.00171434823989
-2.60424318471311 -13.6277067132593
-1.7995459949654 -12.9413034828723
5.46203276082228 14.3452553702053
-6.44759807625559 -9.92041200092443
-15.8117661479713 3.39256364230342
-14.896499551088 5.93941247059241
-7.97801703318051 -4.99544107353907
-15.5389850298948 -6.10460464902594
12.6928729543387 4.57589396620727
7.46028940394503 13.4329337179692
19.5954031033106 -7.38126203914055
-14.3785040200778 4.93927147305083
17.3394209501113 -4.53651137070133
-15.1878074058624 5.73142715991001
-12.5379424186682 3.25342765299764
-12.0297905337453 -1.54698667544043
9.1483918110786 7.79422319229797
0.118119835282133 -15.2373079396391
-8.43537670186545 -3.9886611296347
-13.3059681058269 2.09854779863697
-6.21355576607134 -9.73446319398619
-9.8087852183556 -15.8925272129775
17.7090719196696 -10.0208267452235
-1.56080701793017 -12.5412378106521
-11.2180466093861 -15.2926914454149
5.21469113119209 14.0405660016806
-10.7440299487978 1.07308498398222
-12.1128468244925 -10.9554075985923
-5.09307176926669 5.98461301533234
9.14466426425169 11.7803996666303
-8.42988549007266 -4.9614153537958
19.9708006490174 -4.95390616645452
1.64298400276862 12.2779323284406
5.03945287437126 13.2046780273126
-5.40477417361616 -0.328124175286153
-14.8055729800728 -10.0807492031381
17.5647064055655 -11.6457421052784
10.3182556168662 7.49145590596672
-5.53506356184683 -3.98445040587299
19.129299576431 -6.78321030949103
3.22072474974895 13.9554393979859
-10.8431956206773 0.0199866176733181
-9.52253266455488 -12.9870196739317
9.37748490011781 9.81938828361352
-12.1154552642528 -14.9244223236909
-8.10469461399998 -4.51709125392322
19.3412540992453 -7.18547836755788
18.5199517500601 -11.8069419964298
-9.04753739998429 -15.3495045700736
16.143843674863 -3.5697933127177
-6.13045135301772 0.282593907414469
8.98897701161346 8.68543004102295
18.2168837871285 -10.9324522046767
17.1921090863291 -4.05579986986698
-2.37003374171934 -12.623356945827
-11.2039302645049 -8.74788390540052
-14.5361688536278 4.19324575883433
16.2589971927069 -2.28094335034303
6.58654006344633 13.4927922469805
-12.2811329887014 -11.1935764843629
7.40555431990339 12.7275899693011
-2.3176885273275 7.93713520199475
-9.93073065529529 -14.734376446814
-12.9397313612175 -3.93092312146991
-14.9370754368076 2.57910487780022
-14.9552368654863 4.24987412193712
-13.1853026519853 -4.0362093052847
-5.37423249129179 -4.30830213387689
-9.78208822730468 -15.2494902595648
-14.7131388109628 -4.23193559013887
6.22049721309329 9.36589209848957
-16.2207411207679 3.48676323266778
17.2436807434274 -9.35127896734658
8.76663579829106 11.8545852951492
12.1059733057491 3.66633249706265
-9.39145663468089 -2.16671680159795
16.8737319073304 -9.94421252089217
-11.8288669080806 -1.07523439768471
18.0199855748295 -6.54808647681526
-11.2129920109279 1.03539994922235
4.76862826174388 11.0916015611712
18.7571715374962 -6.75185950502985
19.8047007128005 -5.13583324823307
-7.70476277096759 7.38348069070058
-17.1093163467237 2.70183221440413
-11.6153296180214 -10.5805727677382
18.3351522583516 -12.1978033115964
18.7127599175747 -6.54527817141749
-14.5383080130865 -4.70720742624949
-14.6956855178291 -10.4686992943977
5.37184102093804 12.5918176238338
12.8561965496095 4.08751648537099
16.1063953878002 -2.77079066907012
4.73780820768371 -8.21326299568096
4.09131628342763 -8.32052024018624
-15.3738096039727 5.48565986733958
-12.5523882432822 -5.8628689168311
-0.141255883519744 8.95286080164868
4.22750030293193 -8.50845470696358
-10.3918147094877 -5.04207044683207
-9.63985203744346 -12.5672294762198
-6.77015241195108 -7.32768821309079
-15.1945824645881 3.54970369683348
-8.17172301540385 -2.75938129173708
-8.80743870435059 -15.5294166619942
-9.71438822115777 -12.717760968179
4.67277846265423 -8.17158240446085
-17.1441625166649 1.77994581470329
-7.68746719254598 5.67968268401805
19.0371126927494 -9.76596117542819
-12.9612810217745 -8.82454519826511
-6.78373308882337 -10.6990512910724
5.17184822820698 13.6069088520621
15.9915973427597 -2.19661339913646
-11.908329129931 2.62757141673508
17.5678663199318 -3.58549828645682
-9.31175766513339 -2.34820876288726
18.8271982747194 -12.2936200924613
-11.117018569124 -12.8712907959576
-11.7228833240346 -4.76733853124429
-11.8622125050813 0.0879511208764505
-3.38413407194544 7.02609353285685
5.19686831494658 14.4200423519251
7.22410301669411 12.3585136573576
-15.515924258666 5.32830624812136
-14.7909536341497 3.18243706461605
5.01815541685062 13.8797250959096
-14.278404705203 -9.57649417125866
-12.1665976844285 -5.57592579037097
-4.52314085379878 -0.231631223328041
18.835846239559 -7.2493731989238
8.68953121819546 11.775358415965
-10.4048583133202 -16.1343667418259
-8.43561134201626 -4.33155346241381
-10.8715842688634 -0.395056683334982
0.228251070377105 10.2883552633515
8.03575069644048 12.8890898345375
4.17420326795828 -8.65933183651024
18.952396358061 -4.63047842846115
-9.87476476423505 -5.51931007254576
-7.64042781369006 -7.15300213339133
-11.899357305482 -16.3765912491253
4.59440443719182 13.4382615949265
-5.04860078679206 0.152390752951803
5.38793705427731 13.1879342747546
-14.6472526996344 3.24054562771211
-10.6952557081083 5.47087051268446
-13.7852058610284 4.64441029527406
8.20012033717402 11.9700760203955
19.1573903580783 -9.54468357045406
-12.782089008161 5.64523554283625
-14.8996959962562 -9.01617805747936
5.41876694355338 13.7185202871503
-16.4931934616271 3.44347985251334
9.01893507925136 11.2220671051438
9.16908089024415 8.52040214333938
-11.7791576193649 -1.68348735377101
-15.4972851195006 3.96911172615606
18.281012204872 -10.2982093393114
-13.3714123349551 -4.98743204647534
-6.41669442286025 6.25882023971464
9.35014440494072 10.0586790865124
6.90688288059468 9.35712751608992
8.52813883781857 11.5514836114773
-13.137790128993 5.48522992790157
19.3392617655097 -8.50409243745328
-11.0075427809174 -18.6578232116071
-11.5100408217274 4.71961527366971
16.0496012310579 -1.9673952623522
19.8406709074163 -7.42186075661142
-5.63267439146953 -0.351401321264813
-15.008292235155 -9.87530910582809
-13.2061490946053 -0.366452011656762
-6.00230165113233 0.841927553376692
7.29149742863263 13.3298747056233
-11.7849161382756 6.28077314412362
-13.5338851840504 4.83818512400871
-11.7601756526738 -16.9436251666235
4.55514717291846 -8.45898251720272
-14.1882677615217 3.32110517865106
1.74750600347998 -7.29120096712472
-3.13764235425371 8.17310380946497
-7.78696234415822 -4.3395350913761
16.65233557725 -3.08750156930333
-5.91485744906189 0.0747571787437415
6.88216206542467 13.1656898264457
-11.5127462086159 -2.33329067228113
-6.93788745281171 -3.59134677124869
-10.309537508343 -15.5124312441312
-12.5708377032837 1.79805947233334
-15.5778327276773 -5.76331282200604
-1.97417877130725 -13.5157679059846
8.17097788994058 11.790794084808
-5.03174638805521 0.764334373805369
-14.9266992840309 3.22235961099365
3.63102115405362 14.1343911513252
-8.28582135508449 -4.88326024970164
5.94834695386539 9.79432815349488
18.5153446539254 -10.5032412751614
16.6268047617989 -4.24979322480496
-12.9424760889696 0.931548148223186
-15.3422132703716 -6.03492477879216
-4.16504441882253 5.93373755101688
-0.764765893903075 -13.848880345951
12.3329771139245 5.10640270190661
-12.2635293572674 -10.6468712556191
1.81130248268687 -7.22341490283867
-12.4306107075282 -10.8630556237867
-13.7765347131799 1.87889581434838
-9.43853359811187 -12.9368895784786
-15.0422195149248 -8.55285824795773
6.26511185997163 14.0624409268778
-10.5703119353493 -18.7716208746873
19.638319770415 -5.47678962413916
4.40279897607901 13.9278516173804
-11.8394938588628 -2.07075705884482
-2.42423438715401 -12.962215961942
-13.7943863325577 -11.5508779353252
-10.218246331824 5.71282384903113
-12.5927667221684 -1.71628516437179
-5.91346611726945 -7.57941389020936
5.34682163671386 12.0233618151224
-0.0907985915089746 -14.9002972415984
-12.5103012468907 5.49317959241218
-9.51259698894746 -5.46490165817517
-15.1206455265284 -4.05326561134444
-12.2890433123484 -16.1208868759166
-2.84957359090104 6.56994535201643
19.4860003767078 -7.78253709165899
-3.38852865716514 6.62694956086977
-10.3469893079829 -0.13869159437229
-7.93077392485233 -8.40556886466909
18.513754159011 -12.1222695559835
-12.3086399800334 0.570495264909638
-11.3326872909722 -6.31423683148537
-15.8351121404612 4.47797455668564
-14.112852731015 -10.2571199148185
0.496688886859666 10.0251662908413
-14.2711097850653 0.988675648533007
-12.9368615857204 -6.35800951363094
-12.6490304797674 -5.52173866835817
-4.62513450150787 5.46858523001806
3.14797365772087 13.9419735823851
-10.948863775299 -6.07436768276568
-10.6519421197907 -18.4037852049784
-6.27791741893489 -9.64840154226542
-15.0245765426272 -3.12340256615008
-10.9193089515131 -0.748780574512885
-8.47051230816039 -2.91451979201662
-9.79731946415998 -14.960533021391
15.7784232531735 -2.5141740795865
3.06407294343689 13.7017695094381
4.0943392072867 11.1833683406306
-13.5727680076041 1.49091340737938
-11.9201812676085 -4.62508451505425
-13.7647071635421 4.54419717290097
-0.201373113834961 -15.3314976947876
-14.1909752559565 4.75632802708611
-10.7226250064177 -13.8468971449159
-5.55567167611005 -7.42507862849997
-14.3380791751738 2.76094326700679
-1.61430163536614 -14.5827202276648
17.4645319215406 -5.42548755733394
-6.8618310257251 -9.67989355232634
-14.3347590872914 -2.61283130592964
16.8514453080961 -3.9703596040134
6.78718479048862 12.9082333797755
17.8823375131866 -6.21491730872853
-11.6336498151854 6.28358109826368
-1.05900868248 -13.3222017243301
-9.61077281659797 -17.0478152287981
-11.4899362353926 -19.4743751515115
-7.99855928662296 -6.36807269578738
-6.28253259399697 0.786509624345282
-2.22345622608882 5.72623065333658
-9.18788031078434 -15.0673188780484
-9.25496210336026 -15.0472852457711
-5.00281662736565 0.713814382293222
-3.13433012576261 5.54032469983905
-16.3671102088543 1.91332995899488
-12.1140706063569 -4.03228694214995
-9.20905272055995 -16.1914910808163
-13.6407960884529 -7.81842368693961
16.9400844888987 -10.3563453005089
19.2799259079721 -8.40662544786315
3.9811927760023 -8.75946346709443
16.7862855977137 -2.20096179396719
19.4135921122055 -6.19915567272994
-15.3085599716162 2.65171195416686
1.64059861165464 12.3836861899437
6.11791661374948 11.9729872443025
-10.6636811524853 0.570238846780761
0.411879468877867 10.319140894156
-12.2791167694414 -8.17847337823114
-6.89729119414481 -6.09528894327807
9.70632253374392 9.84541788501394
-10.5405913179239 -15.5083496295318
-10.1113206745977 -15.3154866658143
17.2482555238527 -9.3199576685331
-11.6525376448101 -15.4056770006677
-13.262407232081 -10.567772936757
16.5796111808079 -2.6580953405008
2.54616909068927 12.8688320998407
-0.521847652624864 -14.580116002997
-5.08214133182231 -4.42495424883662
-12.9700758123373 -1.46744770378019
9.54403163614283 9.81528137845896
-16.4868834681105 1.93182156992173
5.78036357380323 14.1770436726311
4.2689452002281 -8.37182985903224
-10.634998852853 -13.3089199677697
18.9459627218302 -6.37809232198768
15.5692605266445 -2.28688101068623
-10.5031247654601 -19.2048003138191
0.188639387073554 10.1322591467379
17.6908346193253 -11.9521687944407
-12.3516788848211 -3.80985356621358
-14.4086932152894 3.85934650159573
-4.36272338919819 -3.94824822749284
16.9031448230011 -3.46331489437167
17.4088027781775 -3.08336796856274
18.4154315056373 -4.34261386521118
-11.2681380664911 -13.8968284285047
-16.9837403100853 1.59653976233346
11.1633043923316 6.64034442241305
-8.2293233085924 -4.05180595992725
-11.747726376888 -5.07629041208942
-12.3541538466513 -11.4612650681484
-11.4658778922652 -19.2933678380486
-12.9074318096795 -5.64017363573623
9.68370856232323 9.52008580334151
-13.9769279397012 -10.3499474925645
-11.8349801972792 4.90337715010057
-7.09362423278716 -10.2511323758804
-14.7461724911164 -8.7920412147394
-8.83234568610732 6.12155223891484
-0.529991562649538 -14.7725462172147
1.82747017259913 -7.21414310430465
19.1079276522756 -6.80031445246026
-16.991115316981 2.45675479197769
-15.7685642596057 0.334651705184456
-12.1218839828757 -0.718593838105264
-6.6013024791164 -3.57061369705486
-2.59386222409644 -12.6633581739318
-3.2307396320608 7.06133451646503
-14.1051426242631 5.36283979870002
-6.12987669540286 -7.21476307416419
5.48483079128343 9.61922618466585
-12.8497630212374 -11.3605025787156
11.5860037064043 6.35572662199835
6.75231824760014 8.48736986821665
-13.7600220881956 3.93468987552944
19.4837115814643 -5.45305812631159
16.3972775182292 -4.0317674759029
-14.2430730971055 4.20994384788989
4.22300631178008 14.3889110835331
-10.1344826080472 -6.08881807372988
-11.4177169475387 -1.83215401854367
-1.46447608359116 -14.0094184675752
-11.4265672368198 -4.0282859851024
0.0233564762919549 -15.0330255877439
11.3661585303748 6.02160677491737
-11.3952743898809 -15.0401399614182
-12.063570987792 6.56322719703985
-6.02092357866988 1.14703386480409
17.2560787355875 -11.633450192947
2.29049422312828 12.4752618852085
15.8013379011946 -2.41445096171996
6.15983922153232 13.2540522161721
-7.40637285822822 -4.74036949109636
7.56370599664053 13.060908246286
15.4976236240751 -3.29488824903211
-5.33832323988883 0.899321658289004
-8.74933822018187 -2.42595456393392
-13.2065031623778 -0.702513260105277
5.69423307557115 9.87532115644895
7.98357557859509 10.9221379811158
17.9678406651472 -5.08412284433905
-7.77500342413665 -3.19006030285465
-5.53446466744994 -0.100962652398575
-6.93377633256462 7.17405873598106
18.5240094791352 -7.12056945518092
4.41845944985689 10.9048617218683
-7.20654515662122 7.4027359358907
8.85137391095757 9.86797565520089
-14.0546570560066 -7.34704743056329
-6.42104404709296 -6.7188300399688
-11.0919282308422 -0.417604969563751
-13.3257628828608 6.04255437975807
-0.323097609674573 -14.9367739498331
-10.3685171905619 6.0743495252234
18.9068452581257 -10.4573192470835
7.87096516657736 13.0910250824092
-7.65358065867061 -7.12713621808414
-7.64873224848857 -3.33502699453069
3.57470541031343 -8.66882492740207
-9.26881500495841 -14.9641369255037
-11.7254720933632 -2.24809056791051
9.25008091835243 10.6169891675054
-9.78644803801101 -15.9066716584756
-16.5564072042918 2.96776591466647
-15.4859352803495 -5.96834563600039
-14.9422895062666 1.92665070516119
-9.38778739663398 -12.7901825804744
-13.083689416377 -6.01175494204415
-6.31487745777968 -1.48286247278937
-6.61603176870298 -8.46506032937253
-15.0254251812565 1.2161469807215
-9.49574223895289 -16.2377994923761
-11.1942327416254 -20
-4.6696010932611 -4.20835838226076
-12.9316299533759 6.06252127307024
1.94472280652267 -7.01959480609083
17.410759986142 -4.13649867253464
-4.86056673845371 0.436816064140988
-10.7029475494592 -18.7117960664163
-10.9370931294104 -19.727984623733
-11.2263847649249 3.7677813440623
0.797198991141371 10.6233188314538
-9.12017679206033 -1.84940252843203
-13.78697479486 -8.84319347013097
-6.26103948593141 -7.85442725103792
-11.6772240367244 -15.9148194323351
17.9947076649301 -3.91366612651247
-4.38191698866006 -4.00893719559319
-15.1169980664596 1.11350280373203
-11.6617792351809 2.31640977363137
8.20978765189039 12.5922180576241
-15.7179269480182 -5.84090723097935
-12.0938501049775 1.48024395441411
-7.55938703968733 -3.29075161869376
0.0960475032514871 -15.2661131794702
-12.5284472202301 -10.7978059914303
-9.74395217764416 -4.99297902042971
-14.7508821545027 3.76662640870922
17.5481129913078 -3.79233175149904
16.4804244334658 -4.25752339715354
0.142003252069621 -15.4763465395017
-12.114472445178 2.06386988113918
-13.7045844887324 -8.89236463203368
