2270.20838733083
1416.2434847176
1733.72657079903
852.725325866057
1489.43033998202
1697.52543074975
1867.98813526347
1847.60553336308
1194.00020089647
1380.93255620131
1687.26600717043
1607.18205137795
1039.22753553107
1603.93579450126
1865.43912543352
970.171338506098
1265.87145238456
1271.97323099026
1123.73730510657
904.423033265899
1577.5948484873
1575.82168672705
1137.73340449599
1476.55742292349
1451.27917664762
920.227735559036
1411.0802144663
1029.59365893811
1951.89760028685
1305.6949957196
1457.19596516909
1715.44900935881
1345.1684912442
1081.56102122663
899.803043125669
2009.4271155028
1355.91592368474
995.337828124624
642.743811581381
1196.56565703936
1085.03482827143
1130.35053406524
1081.34419042527
1159.09096766637
1499.99805914928
834.858057342199
1618.89194884129
1258.24645799232
1656.99321942884
898.364245712427
1073.0986930599
995.801205109925
1185.11324526825
1375.01307477863
1986.20572914432
1324.33530166443
1668.40283000887
1402.96452481689
1469.45019100984
1821.02461325964
1774.55971128711
1572.18469652418
1505.47726622451
1600.64414336998
1940.54347591281
1317.616567165
2161.31042682498
1743.61206636632
1431.36608289252
985.763581534831
1238.54532529285
2206.7808412959
1368.09815210491
1794.30912346053
1288.79786962267
1095.63519110492
1401.08919384357
778.641850243427
1335.76801447722
1485.92983650685
1470.85708510943
1604.72437469773
1335.09062891974
853.010423979993
1431.49651635591
1431.57490240604
960.495687015768
1064.72533665827
1735.18233142654
1565.76837750706
1062.49961418791
1206.65747717937
1532.26471128956
920.887299640463
886.193509857939
1529.2415732561
1693.7670837375
1523.47373520227
991.802460053879
1113.44907958407
1618.62856664801
1530.09274800841
1828.6558870848
1614.46905992496
1111.59545710095
1237.64492358404
1618.11851513023
1726.34124843989
1327.45316188708
1257.49846267696
1174.18294132082
1561.11818233193
1819.38578736087
1379.93397976056
1808.05503422293
988.501901598829
955.318674954172
1602.33916329067
