15.1883523793449 -8.14352087251596
-7.24366615973814 4.34009844950831
6.23293475113909 16.0891830050683
-5.76622440357023 -10.715227196101
5.6455694219072 -9.69889762459965
1.96850138381479 7.55736989272752
4.48453538916165 14.3510139953913
-1.69268537962192 0.118406579296206
-4.08464791206899 -9.88325590956148
10.2616674133752 -17.3849210024265
2.82832015124437 -7.12100168879391
15.0435025465607 0.839344351627254
-9.59518237810721 0.377364013558264
-5.38411746183465 15.8255560195637
-12.0617058258799 7.43230055254087
-4.46683994222093 9.81622534047617
9.15348884223615 -11.4805734831103
11.281047975733 -5.97563257165973
-11.5922662521872 9.42265159582622
5.19061809216293 -7.74952980738593
4.63838467130023 6.56001968530589
-8.05166359612689 11.0210474548477
-14.1581364292429 13.3344910480409
-1.43314600632905 3.23320693729966
12.9087871480327 -15.8346136865381
-2.31394424190803 -3.2241273535234
8.47343443795626 -0.934946542077576
15.2382460656506 8.36914178114142
8.73013974552553 7.49147084515566
6.68760892392861 5.64145632385214
6.51404617407694 0.189294452053627
12.3590309306709 4.90410288927289
13.7560342209134 -13.30767590995
3.57264372093899 -8.6528379881218
-13.1345079383956 16.5349310935798
1.73850820993697 -18.0876751047457
-7.22938895360162 9.321883304973
-20 -1.42816794868444
1.04819039378523 17.0291454195058
-16.7416033557005 3.33314375728862
4.32707310345277 -18.6532265513035
-9.06781337790428 -2.38778495762561
-15.1542738485521 2.1744438208581
-15.7553982996783 15.559592220519
-8.25731133932883 -0.793641329366629
-13.8353790037575 15.1961506901525
5.5303128871055 -19.7191269122008
-19.1913665065149 -2.65520677434325
0.857101995253821 1.45144186323332
-7.80929278285554 13.2772554196593
-14.0860674693319 5.74205795823584
-18.7873522774943 0.338074750867776
5.05669693851613 9.32582418703225
-18.765686936456 -4.59967679341047
-3.64345030338044 14.1721734887575
3.63056590151572 3.02194450140976
10.0468128059737 5.05266988592087
5.23040098407023 -15.5236001077041
20 -6.92203446980446
-9.91812548063749 3.74150826360891
12.7419857598387 -11.9151546824219
-14.0226202644938 -5.47787515409955
-0.673188203022541 -11.7156578309838
14.7547919509092 6.54200720047196
3.29655191840391 17.2039517526871
-8.55777348043605 7.22986728656905
7.52825495142937 1.63458237850342
-9.8255885701921 15.9598340354333
-9.43335260600676 6.40720838313511
19.3640841993771 -9.5156629121946
11.7942701966016 -2.22662520793457
7.13217230231973 -13.7273920767733
-8.43986448111803 -4.74970627983094
9.78250198549898 16.1876298799901
1.78716691745899 -4.7415716687229
15.2991517593285 4.51755951156018
13.062132837796 -4.73879017493545
-1.41296132650579 17.672450260772
12.435696529619 11.8970663180051
7.68089506842222 15.541035384934
-4.46816470264886 3.87328824391899
12.9970299371628 9.85807422916056
-12.0182130160424 15.3092905066429
4.81111595028764 -0.250488421738833
0.21588624717754 12.3172598106949
6.12815945908382 -18.3269285815823
-16.752500333879 13.5489579980024
18.6651559499235 -8.28726819123754
5.92814633488685 -4.68263924297934
2.06905908972689 -9.54473586158072
11.8872536376964 -0.415238757893533
-5.39938679476632 -7.0539362723708
-2.74530688815191 -6.58750840298907
-7.07609013597039 -2.20926055483884
-4.14912052086396 -5.47648619922989
9.65403430252071 9.96577597259103
15.8141546683443 -14.6984232423936
9.35538047468201 -4.25723618594946
-6.79898548779919 -5.32241484055261
-3.59010375995563 12.2831006688924
8.79237778521794 -6.92413873416763
4.9212043230507 -2.55125117851037
7.8389524264163 -15.9350223979435
2.94040024996659 -11.6811096731287
-18.0579575950765 -1.23417257222401
-16.7490956508956 -3.68043774866181
14.8548456115751 -11.346799059616
17.3193161958252 -12.6838300229842
-1.0712575965121 -7.09110655239578
-0.943454501493136 -0.174897938167426
2.44928899504383 12.0096210253688
6.99723128353877 13.9230003290174
16.4347090900371 -10.1311325000835
2.0882988545402 -16.3820421477767
11.0678372894847 6.90576845765229
-18.0292383378173 15.1512059763983
-14.6292362274392 11.3386620790616
-10.1198857805394 10.478122341253
