4116 -7307
6932 -8874
6669 -5281
5279 -9107
6037 -8990
5839 -6475
4937 -8507
5009 -7669
5504 -3959
7698 -6362
7836 -6123
5976 -6715
6661 -7436
5083 -6353
4743 -5034
5225 -5156
3499 -6706
4126 -4433
7626 -7200
4799 -8746
7837 -5884
6055 -3961
7559 -6601
6864 -8514
5904 -7553
6249 -7434
6468 -3963
4866 -9106
5711 -3840
7693 -7559
7557 -7080
3912 -6707
4118 -6828
6325 -5399
5422 -7671
4260 -5631
7553 -8277
7633 -5284
4047 -7426
5781 -3481
4938 -8268
5912 -5398
6532 -5280
6738 -5401
3906 -8144
7430 -4206
6246 -8153
5973 -7433
6243 -9111
5906 -7074
6256 -5279
6797 -7915
4539 -4435
7223 -4325
4401 -4674
7568 -4206
6811 -4084
7560 -6362
8179 -6484
4524 -8506
6731 -7316
7073 -7916
3568 -6586
6036 -9230
3841 -7306
4391 -7308
7145 -6839
5146 -7909
6668 -5760
7565 -4925
3292 -6825
6597 -6358
5297 -4078
4672 -5872
5765 -8031
5561 -7192
5211 -8987
6449 -8992
5562 -6953
6940 -6479
6869 -7077
7009 -6360
6189 -4920
6388 -6956
7209 -8396
6459 -6358
3435 -5389
7901 -7201
6879 -4443
5091 -3958
7422 -6361
4679 -3956
6121 -4800
6122 -4321
4529 -7308
7212 -7438
3910 -7186
5574 -3600
5147 -7670
5496 -6115
3777 -5989
5424 -7192
4597 -7428
6591 -7795
4951 -4676
6457 -6836
7696 -6841
5085 -5634
4120 -6110
7153 -4684
3778 -5510
5696 -7911
8113 -5645
4533 -6111
4939 -8028
3976 -7785
7008 -6838
5832 -8391
5778 -4439
7563 -5404
6662 -7196
7972 -6602
3291 -7064
5210 -9227
6744 -3724
5573 -4079
4191 -5511
4455 -8625
5432 -5037
6115 -6237
5287 -6952
3364 -5987
5500 -5157
6383 -8393
6660 -7915
5354 -7311
5010 -7430
6526 -6956
5844 -5038
7905 -6004
5979 -5997
3915 -5750
4250 -8265
5076 -8268
4044 -8145
7140 -8276
5986 -4081
5972 -7912
6044 -6835
6600 -5400
6597 -6119
6050 -5398
7623 -7918
6939 -6718
6603 -4682
5019 -5035
5639 -4678
6590 -8034
7426 -5403
4810 -5633
7421 -6600
6800 -7197
7071 -8395
6398 -4322
6185 -6117
4608 -4555
5503 -4438
6260 -4321
4258 -6110
6588 -8753
3154 -6824
7978 -4926
5700 -6953
5091 -4197
7902 -6961
3496 -7424
4402 -4434
4317 -8625
7293 -4205
4262 -4913
3846 -5869
6871 -6598
6175 -8751
6397 -4561
4949 -5394
6177 -8272
7630 -6003
5709 -4319
6799 -7436
5900 -8750
5215 -7790
7763 -7200
5212 -8748
7345 -8636
6812 -3844
5690 -9588
4935 -9226
4594 -8386
3772 -7186
5022 -4077
5008 -7909
5488 -8509
5761 -8989
6114 -6476
7138 -8755
7144 -7318
6462 -5639
4327 -5991
7020 -3486
5695 -8390
7079 -6240
4326 -6230
5698 -7432
7834 -6602
7155 -4205
4594 -8147
8039 -6962
7277 -8516
4117 -7067
4871 -7669
5706 -5277
7907 -5525
7564 -5164
7291 -4684
5569 -5037
5074 -8747
6331 -3723
5841 -5996
6674 -4083
7280 -7797
4523 -8745
4801 -8028
4465 -5991
7421 -6840
8111 -6124
7425 -5643
6794 -8873
7486 -7918
3222 -7184
5780 -3960
6518 -9112
4807 -6352
7220 -5283
7347 -8157
4601 -6471
7221 -5043
7832 -7320
4118 -6588
7355 -6002
7139 -8515
4259 -5871
4676 -4675
5702 -6235
5555 -8869
6315 -8033
3361 -6705
5425 -6713
4674 -5154
6807 -5281
6398 -4082
6181 -7075
4807 -6591
5563 -6713
6520 -8393
5624 -8749
5627 -8031
6598 -5879
6881 -3725
6523 -7675
7627 -6721
5556 -8629
5437 -3600
7003 -8036
7567 -4446
4331 -5033
4540 -4195
7636 -4326
3500 -6227
6125 -3602
5640 -4439
5153 -5994
5902 -8032
6317 -7554
7554 -8038
5431 -5276
7908 -5285
3982 -6349
6525 -7196
5020 -4796
3498 -6945
5707 -5038
6882 -3485
3706 -6587
5850 -3601
4119 -6349
7210 -7917
7225 -3846
5291 -5755
3088 -6226
6176 -8512
4805 -7070
4396 -5871
4532 -6351
4463 -6470
5565 -6235
5436 -3839
5160 -4078
6455 -7315
5835 -7672
5692 -9109
5141 -9107
5970 -8391
6467 -4202
3290 -7304
4180 -8624
7283 -6839
4670 -6351
4333 -4314
5710 -4080
7492 -6242
6396 -4801
6119 -5279
6452 -8273
5774 -5397
5434 -4318
7491 -6481
7078 -6480
5624 -8989
6173 -9230
5161 -3838
6114 -6715
4454 -8865
5290 -6234
5780 -3721
6675 -3844
3295 -5867
6118 -5518
5141 -9346
3769 -8144
5903 -7792
5357 -6593
7346 -8396
4607 -4794
8046 -5046
7001 -8754
4192 -5272
3850 -4672
3633 -7664
7011 -5881
4462 -6709
3988 -4672
4876 -6472
5007 -8148
6320 -6596
7353 -6481
3849 -4911
6179 -7554
5910 -5877
7699 -5883
6329 -4202
3977 -7546
6867 -7556
7154 -4444
5709 -4559
5567 -5516
4671 -6112
7358 -5044
5295 -4797
5350 -8509
6251 -6716
3837 -8264
6384 -7914
5636 -5636
7158 -3486
3909 -7426
6729 -7795
5297 -4318
3771 -7425
3223 -6705
7018 -3965
6192 -3962
4194 -4793
7974 -6124
3773 -6946
6806 -5521
7486 -7678
5154 -5754
3701 -7784
6320 -6836
4729 -8866
4537 -5153
7074 -7437
4735 -7429
4667 -7069
5148 -7191
6054 -4201
4528 -7548
4402 -4195
6604 -4442
6313 -8512
6537 -3843
4184 -7427
5294 -5036
7429 -4445
5358 -6354
7069 -8874
4190 -5751
6250 -6955
7499 -4086
5772 -6116
6949 -4084
7556 -7319
4745 -4555
7701 -5404
6178 -8033
5006 -8388
3365 -5508
5567 -5756
4536 -5393
4797 -9225
4115 -7546
3362 -6466
5014 -6233
7694 -7320
7556 -7559
5221 -6114
8045 -5525
6659 -8154
5987 -3602
6867 -7796
7088 -3606
6252 -6477
5779 -4200
7418 -7558
7076 -6958
4815 -4196
7087 -4085
4530 -7069
3781 -4791
4804 -7309
6120 -5039
4124 -5152
4604 -5513
7085 -4564
4603 -5752
7558 -6840
3978 -7306
6393 -5519
3703 -7305
7016 -4444
5705 -5517
5694 -8630
4884 -4316
7499 -4326
7156 -3965
5283 -8149
5493 -7072
7975 -5645
4880 -5274
4125 -4912
3918 -5031
6110 -7673
7289 -5163
3638 -6228
3975 -8264
3502 -5748
6873 -6120
5837 -6954
5142 -8867
3907 -7905
4748 -3837
3919 -4792
5080 -7071
6113 -6955
6462 -5400
5766 -7792
4323 -7188
5564 -6474
3636 -6706
5077 -8029
6464 -4921
7151 -5402
3434 -5628
4114 -7786
6533 -5041
3705 -6826
5909 -6116
7351 -6959
3497 -7185
4608 -4315
7288 -5403
6798 -7676
4321 -7667
4800 -8507
5984 -4560
5898 -9229
5283 -7910
7080 -6001
6262 -3842
3711 -5150
5423 -7431
7081 -5522
6124 -3842
5426 -6474
4678 -4196
4195 -4553
5971 -8152
4054 -5511
5846 -4559
5499 -5396
7692 -8038
4456 -8386
4664 -8027
3501 -5988
7833 -7081
4599 -6949
3642 -5030
5143 -8628
7767 -6243
7697 -6601
4123 -5391
7363 -3846
5427 -6234
6259 -4561
7276 -8755
6121 -4560
6599 -5640
5349 -8748
3637 -6467
7086 -4324
7632 -5524
4534 -5872
4672 -5633
5490 -7791
6247 -7913
4264 -4434
7218 -5762
8044 -5765
5773 -5876
5159 -4317
6743 -3964
4732 -8147
6943 -5761
6253 -6237
6797 -8155
4942 -7070
6400 -3603
7904 -6243
6741 -4443
4746 -4316
4535 -5632
8181 -5765
5361 -5635
3780 -5031
7971 -6842
4472 -4075
4182 -8145
4798 -8986
3294 -6107
7084 -4803
4526 -8027
4324 -6709
6103 -9589
5354 -7551
5842 -5757
6727 -8274
5767 -7313
7703 -4925
5293 -5276
4591 -9105
7622 -8158
5702 -6475
7489 -6960
5298 -3839
5088 -4916
5015 -5993
6379 -9351
7152 -4923
6941 -6240
6742 -4203
4730 -8626
3707 -6108
3911 -6947
5918 -3721
4950 -4915
4737 -6710
6519 -8872
7840 -5165
6454 -7794
5084 -5874
5006 -8627
6323 -5878
3365 -5748
6528 -6238
7209 -8156
5418 -8868
6522 -7914
6321 -6357
5762 -8750
3986 -5151
4046 -7666
3710 -5390
5496 -6354
7017 -4204
3641 -5509
7704 -4686
3704 -7066
6184 -6357
3976 -8025
7497 -4805
5155 -5275
7635 -4566
4112 -8265
5572 -4319
6322 -6118
5775 -5158
7488 -7199
6040 -8032
6795 -8634
5980 -5518
3848 -5151
5836 -7433
5916 -4200
7625 -7439
5981 -5278
5281 -8628
5777 -4679
5492 -7312
6875 -5401
7070 -8635
5901 -8511
6382 -8632
6590 -8274
5505 -3720
3913 -6229
4662 -8506
5296 -4557
5917 -3961
5626 -8270
6804 -6000
6861 -9472
7413 -8995
5907 -6834
6051 -4919
5501 -4917
8110 -6603
5216 -7550
4875 -6711
6456 -7076
6042 -7553
6538 -3604
5497 -5875
3635 -6946
6386 -7435
4883 -4556
7282 -7079
5012 -6951
7357 -5523
7835 -6363
5078 -7550
7012 -5641
3294 -6346
6666 -6239
7286 -6121
7284 -6600
4741 -5753
4389 -7787
6950 -3845
6047 -6117
7349 -7678
5219 -6832
5092 -3718
5619 -10186
4331 -4793
6171 -9949
6606 -3724
6933 -8395
6521 -8154
5361 -5396
4665 -7788
4328 -5751
3155 -6585
4460 -7188
7631 -5763
5013 -6472
5144 -8388
5768 -7073
6737 -5640
5849 -3841
6249 -7195
7007 -7078
7217 -6001
5633 -6355
5766 -7552
3987 -4912
4249 -8505
7562 -5883
4738 -6471
4800 -8267
4940 -7789
4814 -4675
4877 -6232
6109 -7913
5833 -8151
6657 -8633
7222 -4804
5760 -9229
5968 -8870
5419 -8389
5362 -5156
5348 -8988
5217 -7311
7494 -5523
4466 -5752
4398 -5392
7561 -6122
5634 -6115
5969 -8631
6803 -6239
5986 -3841
5913 -5158
5013 -6711
8110 -6364
6536 -4083
6190 -4680
4395 -6350
7148 -6121
6106 -8871
4666 -7309
6723 -9472
4469 -4794
4809 -5873
6312 -8991
6043 -7314
4941 -7549
3709 -5629
4731 -8387
4885 -3837
4196 -4314
6587 -8992
6384 -8153
6733 -6598
5090 -4437
5148 -7430
3984 -5630
3156 -6346
4261 -5152
6327 -4681
6527 -6478
6180 -7314
6728 -8035
7350 -7438
7627 -6960
6947 -4563
7361 -4325
5830 -9109
5625 -8510
4186 -6948
6107 -8631
4527 -7787
5219 -6592
6932 -8634
7285 -6361
7356 -5762
4325 -6470
5356 -6832
6805 -5760
5089 -4676
5365 -4438
6255 -5758
3429 -7065
4471 -4315
4811 -5394
7970 -7081
5915 -4440
6186 -5638
5075 -8508
6046 -6356
3848 -5390
6793 -9113
5155 -5515
6391 -6238
4189 -5990
7624 -7679
3914 -5989
5848 -4080
6116 -5997
6725 -8993
6870 -6838
5834 -7912
4054 -5271
3225 -6226
3706 -6348
7692 -7799
3908 -7665
5899 -8990
7075 -7198
5430 -5516
4122 -5631
3779 -5270
6934 -8155
5292 -5515
7428 -4685
3912 -6468
4459 -7428
5560 -7432
4048 -6947
6673 -4323
4330 -5272
5428 -5995
3985 -5391
5290 -5994
7498 -4565
7768 -6003
6385 -7674
6872 -6359
7000 -8994
5432 -4797
4943 -6831
4466 -5512
5568 -5277
6531 -5520
8112 -5885
7773 -4566
5703 -5996
5347 -9227
6935 -7916
6050 -5159
4464 -6231
7705 -4446
7348 -7917
4185 -7187
3495 -7664
6596 -6597
3847 -5630
6585 -9471
4734 -7668
4600 -6710
5491 -7551
4053 -5750
7770 -5285
7279 -8037
6739 -5161
5978 -6236
7695 -7080
4253 -7307
7005 -7557
5704 -5756
7281 -7318
6592 -7555
3634 -7425
5212 -8508
5003 -9346
8043 -6004
7019 -3725
5229 -3958
5228 -4198
4936 -8747
5635 -5876
6254 -5998
5077 -7789
6387 -7195
5570 -4798
5629 -7552
3843 -6587
7769 -5764
7010 -6120
7357 -5283
6534 -4562
7910 -4806
7771 -5045
4461 -6949
6877 -4922
5837 -7193
5840 -6236
6880 -4204
5967 -9110
6602 -4921
6876 -5162
7698 -6123
4329 -5512
7495 -5284
6814 -3365
7003 -8275
6946 -4803
3564 -7544
4878 -5993
5417 -9108
5977 -6476
6052 -4680
4399 -5153
6656 -8873
4319 -8146
7216 -6241
4946 -6113
7141 -8036
5288 -6712
6105 -9110
4400 -4913
5983 -4799
6863 -8754
4248 -8744
4055 -5032
7634 -4805
6192 -4201
6663 -6957
5489 -8270
3777 -5749
6450 -8752
7208 -8635
4871 -7908
5363 -4917
5638 -4918
7137 -9234
4742 -5513
6395 -5040
4187 -6708
7423 -6122
5352 -8030
4808 -6112
7013 -5402
5227 -4437
4324 -6948
3776 -6228
4954 -3957
4668 -6830
6796 -8394
4733 -7908
7362 -4086
5982 -5039
4744 -4795
3916 -5510
4467 -5273
5005 -8867
5082 -6592
4665 -7548
4947 -5873
6111 -7434
4872 -7429
6188 -5159
4881 -5035
5494 -6833
7015 -4923
4802 -7788
3565 -7305
6740 -4682
5693 -8869
3774 -6707
6668 -5520
4395 -6111
7073 -7677
5691 -9348
3500 -6466
7215 -6719
6261 -4082
7496 -5044
5574 -3840
6874 -5880
4254 -7068
5637 -5397
6944 -5521
6183 -6596
5908 -6356
5021 -4317
6808 -5042
5831 -8630
3359 -7184
6043 -7074
5979 -5757
7359 -4804
6801 -6957
6520 -8633
5770 -6594
7563 -5643
3842 -6827
6530 -5759
5433 -4558
5503 -4199
5843 -5517
4867 -8866
6257 -5040
6866 -8035
7280 -7558
4814 -4436
7487 -7439
4182 -7906
6392 -5759
3712 -4911
5695 -8151
5495 -6593
6458 -6597
4121 -5870
7420 -7079
5764 -8271
4256 -6589
7293 -3966
6313 -8752
7493 -5763
6381 -8872
4669 -6590
6529 -5999
5079 -7310
7903 -6722
5151 -6473
7002 -8515
4935 -8986
3570 -6108
7080 -5761
4257 -6350
4188 -6469
8114 -5406
6942 -6000
3224 -6465
5628 -7791
3840 -7545
4045 -7905
6665 -6478
3432 -6107
6604 -4203
6453 -8034
6455 -7555
6945 -5042
6391 -5998
6938 -6958
6248 -7674
6107 -8392
3503 -5509
5838 -6714
4739 -6232
6380 -9111
5081 -6831
4879 -5514
7350 -7199
3983 -6109
6593 -7316
7290 -4924
4673 -5393
5560 -7671
5631 -6833
4609 -4076
6185 -5878
5226 -4677
6735 -6119
5699 -7193
5285 -7431
3702 -7545
4593 -8626
7292 -4445
6049 -5638
4601 -6231
6123 -4081
4595 -7907
6038 -8511
7904 -6483
7761 -7919
3981 -6588
3427 -7544
7763 -7440
5644 -3481
3841 -7066
6948 -4324
4602 -5992
7072 -8156
5360 -5875
5016 -5754
5420 -8150
6936 -7676
4736 -6950
7909 -5046
5701 -6714
3569 -6347
5145 -8149
5974 -7194
5489 -8030
4663 -8267
3223 -6944
4882 -4795
4944 -6591
5771 -6355
3917 -5271
3642 -5270
4740 -5992
5222 -5874
5284 -7670
6242 -9350
6951 -3605
4111 -8504
3433 -5868
4458 -7907
6813 -3605
4388 -8026
4252 -7786
7219 -5522
7841 -4686
6809 -4802
6244 -8632
7428 -4924
5689 -9827
7831 -7560
5020 -4556
4874 -6950
7354 -6241
7083 -5043
6524 -7435
5911 -5637
5158 -4557
4736 -7189
4525 -8266
5218 -7071
7087 -3845
7839 -5405
6658 -8394
7149 -5881
5351 -8269
5844 -5278
4181 -8385
4523 -8985
4878 -5753
7833 -6841
3571 -5868
4813 -4915
5355 -7072
5901 -8271
4386 -8745
8250 -5885
7976 -5405
6661 -7675
4870 -8148
7294 -3726
5359 -6114
7416 -8037
5435 -4079
4953 -4197
5086 -5395
5226 -4916
5224 -5395
6878 -4683
4320 -7906
7838 -5644
6326 -5160
5149 -6951
7143 -7557
3429 -6825
5638 -5157
5367 -3959
5708 -4798
6039 -8272
4251 -8026
4747 -4076
5084 -6113
3360 -6945
5418 -8629
4598 -7189
4596 -7668
6664 -6717
4537 -4914
5289 -6473
7566 -4685
4606 -5034
5498 -5636
6182 -6835
6258 -4800
4043 -8384
6191 -4441
4125 -4673
4531 -6590
5487 -8749
8046 -5286
3983 -5870
6655 -9112
4868 -8627
5829 -9349
4869 -8387
6671 -4802
6048 -5877
5157 -4796
5557 -8390
5366 -4198
5087 -5155
4538 -4674
5985 -4320
3573 -5150
6399 -3843
6734 -6359
6469 -3723
4885 -4077
6316 -7794
7014 -5162
6802 -6718
5631 -7073
4873 -7190
7360 -4565
4387 -8505
7009 -6599
4052 -5990
6461 -5879
7764 -6961
5966 -9349
7555 -7798
5502 -4678
4332 -4554
8041 -6483
5017 -5514
3770 -7904
6389 -6716
6732 -7077
3775 -6468
6243 -8871
5571 -4558
6328 -4441
7224 -4085
6670 -5041
6327 -4920
6108 -8152
7286 -5882
6535 -4322
5072 -9226
3839 -7785
6937 -7437
4942 -7310
4390 -7547
5847 -4320
3293 -6585
5769 -6834
7973 -6363
4949 -5155
5643 -3720
7214 -6959
6730 -7556
7765 -6721
7004 -7796
7702 -5165
6938 -7197
6667 -5999
7975 -5884
3708 -5869
6739 -4922
3635 -7185
7628 -6482
8042 -6244
7840 -4926
6117 -5758
5776 -4918
5914 -4919
5830 -8870
5712 -3601
7977 -5166
6945 -5282
6862 -8993
4660 -8985
5486 -8988
4468 -5033
7769 -5524
5908 -6595
7492 -6002
3845 -6109
5697 -7672
5214 -8029
5150 -6712
7016 -4683
4183 -7666
4952 -4436
4677 -4435
4661 -8746
4056 -4792
4255 -6828
3571 -5629
7415 -8277
5364 -4677
4397 -5632
6330 -3962
7424 -5882
7082 -5282
6810 -4563
4803 -7549
6112 -7194
7226 -3606
6390 -6477
5559 -7911
6057 -3482
6868 -7317
4394 -6589
3979 -7067
5845 -4799
6056 -3722
4189 -6230
6460 -6118
7419 -7319
7766 -6482
5421 -7910
6174 -8991
6037 -8751
5773 -5637
5763 -8510
3640 -5749
5919 -3482
6726 -8514
6256 -5519
4057 -4553
6594 -7076
7157 -3726
5073 -8987
5220 -6353
5429 -5755
6466 -4442
4459 -7667
5011 -7190
6865 -8275
7352 -6720
5485 -9228
7067 -9353
6318 -7315
6319 -7075
5023 -3838
7485 -8157
5223 -5635
7151 -5163
3504 -5269
6672 -4562
7629 -6242
6263 -3603
5558 -8150
7900 -7440
7222 -4564
5280 -8868
4592 -8865
7147 -6360
4260 -5392
5760 -9468
5425 -6952
4193 -5032
6881 -3964
7772 -4806
8180 -6244
4263 -4673
5915 -4679
6451 -8513
4816 -3957
5213 -8269
7634 -5045
6595 -6837
6601 -5161
3363 -6227
4945 -6352
5630 -7312
4318 -8385
6732 -6837
7146 -6599
7700 -5644
3838 -8024
7490 -6720
6245 -8392
6324 -5639
5641 -4199
7213 -7198
5368 -3719
5566 -5995
6874 -5641
6045 -6595
6394 -5280
7150 -5642
4948 -5634
5972 -7673
4729 -9105
7077 -6719
7762 -7679
4393 -6829
4392 -7068
5632 -6594
4253 -7547
7215 -6480
7144 -7078
5905 -7313
5282 -8389
4457 -8146
6187 -5399
3770 -7665
5554 -9108
7427 -5164
4388 -8266
5004 -9106
7006 -7317
5975 -6954
6736 -5880
4049 -6708
3428 -7304
6675 -3604
7278 -8276
4675 -4914
6463 -5160
7906 -5764
8040 -6722
3431 -6347
6726 -8753
6605 -3963
3566 -7065
8181 -6005
4051 -6229
7211 -7677
3844 -6348
4470 -4554
7431 -3966
3567 -6826
5897 -9469
5152 -6233
5299 -3599
3639 -5988
3572 -5389
6589 -8513
4322 -7427
4047 -7187
6193 -3722
5156 -5036
7142 -7797
4806 -6830
5623 -9228
6053 -4440
6465 -4681
4530 -6829
3430 -6586
6810 -4323
5018 -5275
5230 -3719
7417 -7798
6314 -8273
3153 -7064
5353 -7790
5286 -7191
5642 -3960
6533 -4801
4113 -8025
