0.169847403218249 -3.64492155743159
9.11612652097222 -8.7295005519057
-15.9694820296044 -3.98416078754686
14.614372008723 -2.8770003775204
1.53988479253054 -2.81545162944348
-5.74585306859819 14.2667777590948
-13.2218101606111 -6.98114933645243
-9.82735589092846 6.30931497356708
-2.59299078684631 -17.0588284862728
5.03516932093461 -4.16790565624327
-1.81111203149066 -11.6254065844357
-7.93442107840483 15.6997292188538
-18.6415295861832 -4.75003808008074
-2.50454372096378 10.9215696666459
-6.93388288858831 -12.6176970800469
-18.2755637945769 -4.96330241093987
8.68227091816395 -10.3646010949396
0.083299758669213 -13.7358743907422
9.71705717363687 5.85331443533209
-5.68770895710686 -13.8058986400759
7.10375063761843 -12.5213841721137
15.4921674417679 -2.05456031353844
16.2699100074697 -1.56708886391971
1.23516310281638 -5.92546440599997
-8.33452401615368 15.8772221843875
-10.0191230390852 5.88277902853491
1.56520255071062 -3.08043333411387
-5.38690393021444 -5.17665792539768
1.39230669568259 -13.362814982663
14.1211056017136 -0.95226873729176
11.4467731734645 -0.4868788213623
-7.33220478910011 -14.8998106160838
8.72267855743893 0.460392169485175
-14.4130538410224 2.8061210180757
-8.19608966257229 15.441036718449
11.9248590381889 -7.9081618383085
-0.662151864142174 -13.0882525070002
4.97289869398108 -9.18219922085114
-5.6964792856279 -14.1423341840268
-1.08683330184757 3.6026358171806
-16.3954986762116 -0.675373600444374
-8.99438802029244 4.68923919442403
-17.824910902519 -1.45149993827172
-14.6311692424239 -5.55986872535382
3.74273959902205 0.715309327328111
11.0642546218127 -8.38118150959435
-9.97516681461465 -9.65886255707545
-7.69134779298675 14.2345101928792
-1.56478719193978 -12.7903111151232
-10.2231309275613 18.0558785129639
-14.1233852601591 1.36184789895778
8.31594189001488 -8.04726238409863
9.58876878717989 -6.57788324249994
-2.25776286890934 -14.9850802972852
11.0860494467498 -2.22733924606533
3.11565315871647 -4.74748104618652
9.94721905240751 -10.3985882376024
8.47177303939958 5.76084213686227
0.439523973735653 1.52818078481152
2.56694915541597 -9.99270400241146
-17.2442483216364 -0.0146461109059999
3.24515401281922 -11.8739061811694
5.76681230996331 -11.9224203187923
1.93545406781657 8.12997085839507
13.7450737661248 -3.53614215076639
-17.3338571998248 -0.664475754415491
-0.537737897923154 -5.3288655656024
-10.3443937844776 6.23114283608264
-19.6726774958891 -2.97693460656997
14.0195211945752 -1.86368486169057
-1.05048106374468 -16.208747742926
-10.1050793668502 7.25019337656357
6.83574588593202 -13.6060931177842
-12.3232950611629 -0.84183936730043
-11.4970621596643 16.1768186051048
-9.44553197537841 18.7068247260404
11.2567822229261 -1.31278882456926
-2.98107716425923 -15.7743493543797
-7.40903928984301 16.3717187026785
-11.6533494911434 1.53801239185569
-14.7480356626806 -6.30772727251844
-12.6476047281933 -5.52320533842987
-10.3922329509171 3.73786796904108
-7.7151331303352 11.3669750136888
14.1982914281131 -1.60885487096929
-6.52160109572837 17.4558564534714
-3.94604250963038 -13.5974096456035
9.34670014807887 -9.37109150301218
10.2904068843763 4.27625797409448
17.4922264384495 -0.204989329887624
-5.75067088058447 -13.3783971920725
-3.39915026235324 -16.9892503483744
3.24489049811199 -0.9290051767106
5.08827738994469 1.64208615318706
-11.3567606331157 7.81480970725713
14.4014213122336 -4.54439708986312
-5.33095402190581 -12.7178627324132
-4.02122518148301 -8.3468502265494
-7.62326750865163 16.179074820724
-9.21487992213538 16.9801643744916
17.6221349049512 0.328954757181982
-7.8658900194111 14.9304232176435
-15.9571962304486 1.81273869528838
-17.5863503571446 -5.27148450710287
17.8747883422562 -2.14651036686269
-7.32074711951103 12.1393910245379
-4.48009684797146 -14.3439542756315
-16.1579916448536 2.59195564591427
10.121113051533 7.1894644398385
-0.017843799759266 -9.76359751874692
16.4543358752919 -2.5584889389399
-7.41798605444945 18.4121082921425
1.16809451147741 -3.89465231674178
-16.2744992757431 -0.441445374187076
-12.040608224818 5.42564959837553
6.82746455975725 -9.87709938784066
-8.28650952394769 -10.7260412382591
-19.4924999438677 -1.45476587599552
-13.4347861191051 -6.71688483020982
13.6225629604377 -1.4272846410941
-19.6703877265231 -2.19635677542536
-0.351524702446653 -10.2931176957311
15.2500742405112 -3.4836662125622
4.93039306395124 -9.27968119417579
-1.55254586752655 -13.9068560225005
11.1141780052687 -2.24988448163532
-4.87572159136478 -13.4576168107466
1.13989848928393 -14.6650276784187
-12.9104393090196 3.27076669679004
-6.28495200368915 16.8211955827397
-9.70284350955805 18.55343260423
6.34640667443922 -11.7107474138687
-11.9035480289151 -0.558006849032644
-1.15309893072493 -9.20387738416041
-0.243478347407521 -4.78194261795285
-9.30437695768819 18.8357485513085
-4.72983681350085 13.8750353804117
-11.3657450613122 16.2625252278354
-9.91137100697095 2.73754764912477
0.994032439094703 -9.33863781748325
-7.41635680083303 12.369446555176
18.1034078300817 -0.289777182606116
-5.15378097874911 -13.9630326482839
9.27817254550644 -3.43024950112185
-6.69141704997513 -14.4490480985345
-5.58652899352179 -4.40370256491933
1.95297031112391 -12.5654496062813
0.167378326935147 9.54010478720688
-6.98999594743265 12.7980361733119
-14.9417141823589 0.020749282623342
-15.333280018049 3.59626646489308
-14.2500420656032 2.92011248227256
-2.11411257851163 -16.5654772681449
-10.8844784982493 -10.189805202112
4.23261885210271 -6.63323616562472
9.98610393599769 6.78369284688955
-17.3892373152408 -5.06309469231675
-12.6410818451998 -6.60661694076784
9.11881243099677 5.98444776512761
-17.1561540143366 1.91970357397805
8.13802445364789 3.77400453652322
-19.0589500269712 -4.63220753316104
7.74096978541534 4.8244015105006
-7.63918760119578 -14.1221608541725
-8.9414882143682 15.8877246969173
3.71088635473172 -11.4721592768973
16.3208611474621 -0.548982439748585
0.645906262163777 -9.00523184574749
2.69821937368398 -1.67829099731383
0.177481223291185 -15.9303281482654
10.457134372214 -10.2133095864833
-10.530695451795 -6.29664044898946
-8.5622478285555 17.1605427078803
5.32548452872321 -3.47300151777951
5.28014735591245 -11.0763241398135
0.0957625307639134 -5.45308442884869
10.2947075664554 5.06495783457
3.94586421695927 -11.145708528421
16.9569917652588 -2.2877725123858
1.7213781539546 -5.30285259032466
4.24998813207203 -9.16787185775897
-14.2475266846446 -2.58376053807968
0.0639780982954647 -12.2950208867119
-10.0616090143751 -10.2349931895829
-18.0324570640474 -5.33764266022545
-10.702437144129 -9.71108967089477
14.987120622615 -4.22938346691208
4.30694364170119 0.81711501995974
-16.2095460122463 -5.79100274768522
16.5586111662236 -5.33130457722049
-4.43252912821617 9.98334576716019
17.909381200941 -0.396123738050633
10.7342628443865 5.64333114154667
-3.84860103408961 -4.36303275093664
-0.131849569202224 -12.8553101672397
0.342295201663262 5.00566918066145
8.91491745989765 -8.53456676545338
-7.3884311521737 -10.710705812872
0.313044967339152 -12.9996420146035
8.08271603600093 4.92962266775766
-11.4973785349306 16.2058520642046
-11.9552303550389 1.15700769589525
-1.90059620136892 -12.5295050514531
-6.785962216054 12.0543755597356
-6.42737232436429 -15.5434664579746
4.89862451181818 -0.438555438235639
-17.4598741625203 0.629229421262831
7.00004522829826 -0.167914106243892
-0.390304310553184 3.88713749147568
-14.5089877387778 3.80525051694992
-9.66641616686204 -8.37494240585527
-13.1696890647776 -6.71900428757107
-9.2627026318164 19.3571697006828
-0.822784278812183 -10.5125334644892
16.798189580726 -2.70662202991043
-13.1706187545305 -7.41377893397843
7.36932183125851 -11.4902278781991
18.1081050960372 -1.50716481190473
-8.50921025459913 -13.0915301235154
-7.44757166473925 12.0467003207885
-13.5829354401078 1.33679468440039
2.079212748738 -3.36920486875117
11.6373587522666 -6.69533703231896
-3.11567481599533 -13.9183315063439
-17.197120946217 -1.83075032388141
2.12703731575152 -1.87665699606321
2.73390298258102 -10.48788889656
-4.56631908982592 12.8728909486726
10.371801202706 -6.10158330589744
4.84226892790535 -9.15670883694023
2.40426379719867 -12.2605573875373
-19.2735964546414 -2.33484691333772
9.76999170204521 7.46765468977207
-5.01785136889811 -12.7000603158332
-14.3683376264191 -6.59301726123235
9.52321353699281 -3.35322533121454
8.07261749211365 -9.75872332138763
17.1480214714796 -2.95233764731693
13.697499249726 -4.02990715681383
13.6381478342084 -1.24925109967846
0.0451846649166256 4.27992875050293
-5.96069691419228 17.9022192881941
-8.89956554453138 -10.3648294032323
-1.9224707719327 -17.4831891951452
-15.7509883727816 2.69583438262709
9.34393035971027 6.73737141761645
-0.985655857201209 -16.749578922727
3.77498134901407 -3.95036006369927
-0.559697282530927 -6.2477336007522
4.74403339876834 1.7183275336539
9.67954541429494 0.361980287034797
0.653396662003132 -10.7980085965908
-3.29823601639931 11.7719945457495
3.49272773811904 -3.13939109489818
-16.5265622367055 -5.72449586921838
9.35774985324885 -10.7646823727979
-9.47851233905875 18.5981792658325
14.0735783406988 -4.75112102622736
-3.83789375876929 -2.74582990228825
-4.52816053787424 -4.06334364134624
-7.88525193809339 11.8603419908601
-6.0826610092799 17.0147353003265
-6.19773000289356 15.2932213089508
-9.22652642110971 -9.43296695610438
1.68130718187765 -7.19079642528084
-9.05596602976565 7.14190918280065
-15.7045642992658 2.73922856560283
-0.825463909115463 1.31465189401428
-19.6915384142907 -3.35716262142767
11.4627559517203 -9.12974823338375
-11.7748694188932 -7.08848851734436
-5.73670302995287 -4.12113392774432
-2.11879195934451 -11.0551617204854
10.6020682314325 -9.14584517519845
-7.96658364916444 -13.482208612138
1.57403542902516 -13.4647223465527
-0.781237885841392 -13.0468267474872
-6.08392791327245 -11.5665739193417
11.0769751996001 -9.16570671422646
-5.64876138130139 -10.758553526081
-7.37149505684108 11.0717828141666
-15.9844672449777 0.43193673887415
-19.4169444130793 -0.70415770420902
-4.62768643252598 -16.3679546130373
-19.3731067743191 -2.35626323509098
-5.24969890615065 -14.33087490637
7.67894535579883 -10.1109614717361
-18.7242779938915 0.123042310455993
-10.237923949273 -9.45679945715632
17.8347247224733 -2.02293506124959
-18.0839566480557 -1.85413269031745
-0.293535145929944 4.08053948062074
9.08198785466361 5.85952781542288
14.6164332619872 -3.45623992233788
8.48354576793067 -7.80661590168518
11.449239619945 -2.22591717951785
-0.265390020983048 2.9760036322671
-9.9104924082149 6.02305237647941
4.1607417316027 -5.20272571357873
-7.05044169362926 -10.2857798042898
-7.11220260576184 13.8576349395198
6.98859930272032 0.121543855254657
-14.2362591754971 0.67791158272999
-17.3585464456186 -0.352474513432085
-5.47162149482866 13.496689189048
13.768116636948 -3.72157095824974
5.6293948076924 -0.889568540426346
-15.3465484070597 3.55685487003313
-5.65991859965971 14.2855133651661
6.89595207830425 -7.49632830013109
16.9714868981348 0.246337815468745
-17.5224298112821 -2.58803339268424
-4.85377847810241 -6.93780835472096
4.01129932979073 -6.75232182575695
-6.37475217802461 -15.9921281887313
-5.24515854587141 -13.4253334590865
-14.4952582502191 1.32705039186105
9.53887601606423 -10.79773299799
12.2544866883033 -7.56170217227294
14.9851068545554 -5.05191625556617
-4.15709949342122 -2.68927357384691
-12.8633088078797 2.09717953489636
-10.2200090460149 -5.38740446772024
-5.61142493226812 18.1902231111763
-4.75204075615924 -11.6497853121787
6.29322058768494 -5.64211660627721
-10.5382915579962 -5.43468579909334
3.74157305189754 -2.87089211970618
1.95927378131 8.09033607502634
9.59839798374754 7.19319917723732
-2.46345949956596 10.6094703193807
8.3231343901165 -10.6546133503038
-2.35742704773221 10.861238824013
17.7363700127969 -0.851731497262755
-4.03073582008058 -5.55057148518757
1.35781380184451 -3.89586878489179
-14.3016639913916 3.00363410443744
-0.825392516956342 1.8142083224872
15.7727888409399 -5.56385715993606
-2.81783230974217 11.3652290555378
-9.91565214565038 17.8963339754327
3.49096772896245 -12.5538101903224
-2.26550062957773 -8.79712112299451
-0.618968565661987 -4.2897536781644
6.73445265034001 -11.750693591862
12.8084497855214 -2.29113561120898
-6.01566395726011 -3.61591560925045
0.870847786043221 -10.9547754255248
-16.8790774243095 -5.51914404873623
-19.6656945240802 -3.04982518405527
-5.39951719113653 -6.2206852382625
-6.77190302081707 16.9710012549987
-19.1567443898351 -1.34328202836863
-3.20825787903541 8.85454386639822
-8.59177575125585 -10.6282831777367
8.81699011436854 -10.607305260048
-9.3482605326525 5.98632533536741
-3.23735122477773 8.68669051028429
4.72541525144753 -2.15839481782967
-5.03720298441799 -3.36395044387838
-3.22721426440569 -16.9875384879616
-9.10268614649594 -12.183978509573
2.09452038359029 -10.466995430182
-14.4378999277828 -0.723103006569055
-5.72681326094233 18.3590261165622
-17.7028784546564 -1.38679549494076
-3.29000971418306 -13.7320835633706
-6.06894214014968 -3.5678759875152
-13.7508592352259 -5.36765719301427
-6.2272609488014 12.3800830073767
-5.67346794517275 -15.3825616181274
-11.8536044162771 1.04129867635308
-4.67426124072585 9.88164351450731
-0.213784029496967 2.96531514168635
5.40271824812936 -3.38338574324964
4.63301824077261 1.08811502258288
-7.4332218283886 -11.1531283557415
9.0797011307134 -5.69848347343546
2.75632637995152 -8.92229655094769
0.569752017928327 -15.3223399317165
13.0495987997223 -4.63366378322469
-5.2644833881652 -6.74864491984874
-4.79302470036316 -11.6980579809332
-6.60651363706027 -13.2660225379689
-11.071844128611 -3.95059478844813
8.09676632427393 4.85115438608601
-14.1135829980884 3.53664322221264
10.2340954965944 -7.30533312917259
-10.1063679142174 16.7798834563739
11.5535704912319 -4.05709430143904
6.90044851371322 -11.6546715299388
-0.42269074241598 -7.86663705595129
-5.69107243481175 10.0640989848007
-11.6640264765301 4.91469084929127
-8.56490693272434 16.0928415021992
10.2359112961877 4.59371654158359
-15.17623303402 -2.93695687064117
-0.533206201198329 -14.3273521600133
-4.10799603857254 -5.76554378409129
-4.08905077090291 -6.92811482143028
7.10656417512519 4.29431397008015
-9.83827371863637 -10.6337265032588
-15.7809968084984 -4.4437481886421
8.55229836333871 -6.53284432110693
-8.99368343579965 18.5969883853847
1.41661158189913 -4.75834778571545
10.778525012936 -2.62505797136776
-7.64849778673121 16.1329239903707
-0.105231587872304 2.23352698609604
-4.0849423959602 10.9557435776931
-5.95138416404848 -15.5875672272303
-4.64347016408639 -14.4665740103724
8.51809756944334 3.32196927005434
4.10327779355646 -11.1176065845968
-11.147390972156 -3.48773201495533
-15.4788255379718 -5.9070494574904
-6.09217170542294 -16.3415661542634
-2.43297095727308 9.80583897916908
-0.736802212992476 -12.2357068238441
-5.41291052404589 -5.99684804320286
-4.77366754050288 -15.1956144459961
17.6809761793762 -0.855550894258315
-6.81213003440723 14.106540034149
1.0311012069603 -14.5932456566418
16.9496342938121 -0.999876931930753
-6.29042425169751 12.6560936304279
3.50832844282262 -3.87785742269281
0.0229545371647752 -3.05880860650375
6.31532647148206 -12.5917331937782
9.78394230952549 7.5507989234449
-0.664606529626845 4.27845426076266
-7.49668403613654 17.0041115065286
5.1702586003925 -1.22868213055439
1.08582719167784 -12.9309275497112
-9.15684656626977 -11.0768334199136
-5.71277288951873 -16.5606142169164
-6.25368044227463 -12.4006180789162
-17.0840432336799 1.13115450973055
-1.84258486191211 -16.3986036544701
-4.96725310273624 9.63816677491114
-10.545485413615 3.89352733991601
5.06240768224947 -12.2356874167526
-10.3303483185664 -10.3840402167582
0.435821364042276 -8.18676266984808
-16.3909602759757 -0.980087185644074
-1.28117073841446 -8.70422105605737
10.4378873425347 3.78885878019133
-10.2700956416404 4.30430042725188
17.9335988191632 -0.47582722342106
-0.520397730742772 -6.33158389556103
-6.59838613316414 11.5038391432182
-10.5167324124644 -10.0786250338907
-1.38131705948257 -8.77159381641896
6.60401190901584 -5.41749842509858
1.74368343686911 -8.77204551860196
-17.4934653557257 0.398776901282499
-8.10652852665212 16.9194060028276
1.66053940390075 -10.6820093920097
5.41686124445737 -7.7624355818302
15.9204956869901 -5.75059495763452
11.912797335244 -4.66681244670908
-11.2989633760762 -5.10607422554399
16.3220310340371 -4.64421104275837
-8.0242404253148 -13.7377947199178
15.5941171060662 -5.23931248005716
8.16530082102462 -11.0096742731887
-8.98452306443019 -4.46805622146832
-10.5267766775466 17.9711720888645
11.7896782973183 -2.14773403793818
13.7132791625279 -1.5177312785286
-5.3465016246414 -5.68968553287528
-4.41188167494897 -6.39408652326063
-3.34736437926234 11.6013711359666
-8.39150345703622 16.8113426603936
-10.5704775482109 4.27655046993473
-5.14055949623873 11.9679298077686
-16.0097902325919 -6.12225598352016
-6.42314317128053 14.9310276030488
17.7236380775127 -1.31474668314145
-15.943725052333 2.05562954976354
-14.2072288006005 0.108469480639464
-9.93363384902206 -9.32508753470286
-6.90234681364925 -15.2307796229996
14.4129709941609 -4.5057260083946
-14.9393682187029 -5.28427364268812
-2.60059638675824 -10.1227023625247
-8.05005577287184 18.1133037805397
6.93205556310491 -0.3138578170358
13.9768443989539 -2.14733407241969
16.6886651910655 -0.483098520904896
-6.56864526029144 -11.2716149575363
-8.26038890834298 -11.5227969966148
8.44997711146492 5.15887488473756
-7.08655986256899 -13.8284276308411
-11.1946493726521 -6.63729467229
1.79600770148973 8.25915163895522
-10.9484466081082 5.64153319399296
-10.7401072619587 -5.8896739215835
5.86355482233432 -2.30137966564044
10.0083666523854 4.40614532656359
-10.7684508479792 17.9046278327837
-10.8714730500743 -7.42597277934437
14.3070248139221 -2.24036431806306
-8.86939849353116 18.8444187721101
10.0953179660901 3.26827287179869
10.4144560411514 -6.846655285567
-17.6513509318635 -0.23067679211324
-2.20086712749367 -13.4344522249966
-17.1144832530272 -4.94908509229286
-12.1895104136089 1.55923786632957
7.12857355745914 -12.7973407219489
-7.53191067831235 -12.7403440498261
-18.2572906690063 -1.71319488673049
8.16703402323112 4.33143024595417
8.99053265876822 -6.53014476462736
-12.848844603791 4.51177033601876
1.17136555347698 -12.7613827460315
3.46897812245984 -2.24860276669376
10.4365496260025 2.49174146995436
3.4720618986226 -11.1402524666611
8.69920363420938 -8.47065067668788
-0.260685496239219 3.53297963541739
-7.78100540154931 16.5781641082377
0.20186754171208 -7.76014656111681
-0.283777168858794 -0.54315179819622
5.00432763745239 -0.12970670087406
-18.0883755668566 -1.7373350109349
2.27393029098596 -1.83689609405748
6.51199300758039 -11.6412026169295
14.6234539107508 -2.66177390665441
11.9021858100169 -7.47494931768643
-9.11552348666022 -4.42223712970073
-18.3769208008205 -3.75554854408429
-7.07937408286481 17.4763674971268
7.38003474870895 5.68890622269784
16.234910134214 -1.74884332620409
6.48069027783338 -5.43862881027209
9.37696286337028 -6.96563922599761
-8.18367307259326 19.0837958624272
9.35877109916513 5.35420125530665
3.80018649504173 -11.5334060717204
-18.1407695001855 -4.6796887332438
-13.1098609047843 0.448945933063744
-6.85691575477768 15.5190561703285
7.38404034687919 -9.80630485445583
-8.64767872474376 16.4736091559593
18.3053665874792 -0.296731819598616
15.4263343278774 -2.10442552829698
9.20110534441528 -8.3280353835875
17.7217872375789 -0.268671982029229
-12.8431961356366 -6.25175764699923
-5.47159204320827 -10.6575032167187
-3.36651837499976 8.49377633710009
13.6822063453347 -0.246048709133117
-5.55060295663471 -14.754990025038
-1.76456347433365 -17.3902494931334
-2.49605134619647 -9.28002491458098
-4.59931396583802 -4.79578742581359
4.79690818608621 -5.04530153366112
-9.06632335218289 -10.7490088246612
-14.5056936521529 -4.94870589470191
-13.4793881465104 -3.41792024680474
1.66677048827006 8.26343764928403
-7.73942449040691 14.9799085734968
-3.28285453781793 7.69840108145514
-1.27424004293627 -8.38164961484449
-9.14308901435249 18.0659862312995
5.28954557907568 -12.5210912058845
-18.729723884497 -2.69913900970808
3.73042529618266 -8.10666383213706
-2.7164048198093 -12.3687512229268
-10.6843124024961 17.5457003447443
2.11215512925314 -8.9574178827489
4.13186115952931 0.752403895886388
4.03772741675535 -1.22519466423175
-10.0847477618717 6.61782511311423
0.0811861615497591 4.52617063132764
11.8157822141193 -6.69055055393896
-10.9851621425036 -5.37961636697853
16.4380934100691 -4.96400607335562
9.01279647043753 6.3271315475054
3.74628413709665 -1.76518463174075
11.7499302095832 -6.95046604901617
10.0306986390589 3.12566462603003
2.5907856791947 -6.24609914342073
-6.07819046257133 17.2984192793646
8.97451685874358 3.81493988047074
5.21891949852581 -5.63830994693068
-17.8879758266725 -4.39805363163983
-15.469944220421 3.35788794871124
-6.00257744478335 -13.6911734012139
-5.88239367222926 17.668114433135
9.93287607255817 -10.9109129938642
-10.9348243273932 7.63036360395436
1.30378352089888 -5.01168872915599
-5.5173258753366 -11.904276898821
-14.9750097092079 -5.38904047230212
-3.63131581356483 10.9705694853135
-2.1237995204955 -11.7540091953851
16.6285778975217 0.180428263312955
9.74338625735305 -10.6751782169577
13.9904785215512 -1.7850735252658
-9.50940979618702 17.8662712286968
1.07416589660833 -15.5600342771944
-0.567455140303601 -16.7838049365754
9.76987211721843 7.04979775662925
16.402160385334 -2.20251093076126
-7.337401377836 14.7607614700864
8.75693410629765 3.22479153520359
16.5998687857877 -0.313712853393312
-12.3794754092931 -1.85597863695989
16.8870013771181 -2.72484690735316
0.613697919093262 -16.0049239762872
-5.55480118495145 -3.67545099869717
-6.0865167290549 17.7829124941695
-16.8639927413663 1.84713338750669
0.25019185494822 -8.32078172535052
-13.6452936722251 -4.10739686462968
8.22063335627306 4.86639809710925
-9.054130360214 4.74703083154746
13.8694198462934 -4.82084660085267
-5.47818979634187 13.9883038003371
1.17601454677045 -14.0149452470332
1.36279991343758 -14.2705691573413
-10.379745174142 4.06339124725674
7.87828764049191 -0.629215565473473
-13.6299350566133 0.855524305638518
-9.78481401216945 19.844908841347
1.28724335486593 -1.1016926577964
-6.11984723636803 -16.0030407464131
-17.0551363702901 -5.27374287551902
7.19042453493251 -9.88318180683938
-8.28795843200017 -13.111597412276
-5.43359520272245 -4.0041625351553
0.48701166372296 -12.940884246664
-1.18281066224563 -8.53500904426162
-5.03178003183909 -5.41176781849454
10.4580841787106 3.50580141294358
-10.9699153267312 5.26326643932348
-18.2508552739761 -5.100524432867
0.146838900816405 4.32239596446868
0.0625900327542581 -4.76686106098608
-4.42167078370403 11.6011664728171
-12.295515081445 -2.23453934005339
-18.0860341518352 -4.59418131414561
0.326694332882383 -3.59725852318247
-7.85025548687459 15.2679336047384
-5.23914985284537 12.4584653792724
-11.2452249435151 7.71196952063142
0.163696012996905 9.55114808254039
-0.354850368610347 3.34431123022847
-5.28726601702571 11.7678498530873
-6.28287239608804 -13.2087529141554
-16.3872747305749 0.0105159624158055
7.01739506656002 -10.3840587130167
-7.05733739144971 -15.3294679139092
-9.7495373182193 16.7261478437329
8.47446770979774 -0.251652135665509
4.44590797697455 -0.45483816101871
-5.42912925283122 11.7071664140077
-9.42749246607959 -8.90805372898046
-0.553951751735841 -14.4970379331083
-14.3986510267622 1.27669415363834
-3.82935598118952 -11.1919825107105
5.40595347412236 0.0417015931563398
-16.9367418302159 0.30209740127345
8.91384616422122 5.92815172248843
10.8846936674305 -5.73730352729865
-7.75738625687946 17.5407035610616
9.55342560090072 7.37686703626153
-5.16819469142204 13.7607359142303
-0.63583159902587 -10.9481927765357
0.610010143886548 4.66983512181768
7.57137804302303 4.86061492427421
0.178266116489123 4.86227938052742
-5.42642861070432 -4.19504370292295
16.4988355853488 -4.80234387449629
-9.24169312133651 -9.0211058611743
-12.2776860799847 4.64232560452334
-9.50016731290312 3.57911138717218
10.7050731642693 5.70318090423647
-2.75634327849237 -15.5316632348177
-19.7107662700468 -2.85590818234866
4.71174400500248 -1.93604103891601
-7.3518165390744 13.4373318583475
9.67008362896386 0.373308991557725
-4.38518451006335 11.6429275529145
-18.557121826451 -4.40176048417977
17.4874738538314 -0.777873374897354
-2.72673883698285 11.0353990418059
-12.8821916717782 -7.85129432110552
-3.82663606276566 -11.5889764509251
-3.90263251362904 12.8030454302675
-8.17994231879304 15.0937874848286
-1.05486065098841 -14.8061575935417
15.646119715444 -6.26873921367862
5.85676327061639 -3.76301371141338
-9.97292507480789 7.37983358602559
-15.3150765481716 -2.86743987431777
-7.54002160841838 12.0502840042019
10.9870015439693 -2.39411864572701
-7.98239420907247 19.7747128091926
9.71752547413138 0.378128847525183
-11.6011796751087 5.37384062766904
0.595215231325671 -16.0586954183026
0.763192875717472 -15.0783032083038
1.50745054047876 8.36652720270875
1.8049769763571 -7.07911842029925
-12.4211813595586 4.7658929906167
-18.0924763670666 -3.41956056599016
3.2263769969874 -6.76826869948261
-6.56111028997899 12.1079300341832
12.1394801914261 -7.47869903812207
-9.36829446208971 -4.18337889165386
6.24623945189983 -3.64222922536324
11.5902767812191 -8.23777301769118
-6.60841221862739 16.7991475328877
-7.78132133292221 -12.35290101836
-17.4196264759315 -1.09025714303506
12.9752446420346 -3.78230928787943
-10.724798435117 3.31920882599384
-3.47377430271667 12.4007570125069
-4.88256239439297 -15.2848341292783
11.1975077598624 -8.95976124919607
10.0829820449144 6.79511415198094
-11.8697502818349 1.05824623476853
0.303677511796685 -4.02839713397439
11.9719478624715 -7.63270366212851
-10.5215219735334 5.97927105869576
-0.12164401604236 4.45100352383962
5.78021893896493 -12.036511830408
-14.4692408059439 2.06490803758027
18.5392599835152 -1.49026384671165
-2.36814025676707 11.4674444412484
-4.61714978754169 10.8883433510742
1.20866721299388 -9.43621107600998
-10.664086042846 -10.4942932373388
-0.360243849952834 -11.783820292872
-2.31950237181502 -17.1562222813488
15.8978665237031 -2.86613549064942
-11.8352372965584 -7.17939680792398
-18.1605096317014 -2.33173217344464
-4.31120714279787 -12.3675691441761
-9.11575117569389 16.8355707310214
5.23990442675967 -6.85340093754675
3.49190659915383 -3.27659878400014
5.72239323369855 -0.433306076246936
-3.44472330302763 -2.89571444343608
-10.147218683134 6.80079922191123
-7.38109771694507 11.6341141950268
11.4779789774111 -8.51944112530824
13.1866973318365 -2.23208118820958
16.1504771556167 -2.14145383770131
8.02778224652574 -9.6459292733905
4.99204956027192 -5.85692867578208
-1.77018341818539 -12.5278582205899
-19.4013536511561 -4.18943991247546
8.18157145980498 0.762967409983922
0.907000536833657 -8.6590764135776
-16.0461020079497 -4.53997388440147
-3.51432282471501 12.5022564478672
10.2448349473732 4.66821992819296
-6.16681094296682 -10.7629698476276
0.60666657339231 -4.22767548032448
-4.22572382108292 -2.69193189740037
-3.68621852881546 13.5147439735602
-19.9392884540789 -3.53510886632823
5.97043969127138 -5.29616523029648
-9.08482925990444 -10.6808463620457
-4.21750334779726 9.65050025058811
14.7067769290085 -2.90034039614883
-2.18824222368393 -17.3884865514364
-13.3273801078586 -6.22578250830033
-1.71936661556928 -16.8740353868187
-9.62904025672001 -9.2449204956682
-5.28954302279848 9.03114599121819
7.63106805597057 5.41988127650709
-6.05425511572069 11.6607730549979
10.4331019032452 2.33534816373405
-0.0623037307535732 3.76246015680616
-18.9736157691593 -2.01947341501561
-7.61793055859431 19.1676888484344
8.2945515357724 0.477452047850676
15.6912762099356 -1.30414271357586
3.83983411525288 -8.39088938715065
10.3044338901985 -3.09999659993156
-5.79356243124454 11.6896512481539
-6.94023285825735 -15.5359507582185
-17.456261416346 -5.33283144784346
-8.02682333049887 19.6879132037551
3.65926680734075 -12.5284395326682
-0.029467453447328 -13.3959621806948
-6.73803155599589 -11.8235328368139
-0.675314424567119 -14.5820637292916
2.00949381912368 -12.2857391064538
1.5517810526515 -7.41507627689448
-8.07978325457031 -13.3345763882845
-13.0803627239956 2.07542599932257
-2.46204801902726 -15.7080926151516
13.86528853075 -1.47038295445023
9.38522364430053 -10.7482836324033
-12.4750770217691 4.53849656754348
17.0961982181549 -1.73379129412955
-5.2536540310859 -7.3194076372873
-14.2760106991038 0.783419143921428
-9.17922190195718 19.5211795488218
2.26850074293735 -2.86149714582417
3.58459226667429 -5.45744611442017
1.94145851483894 -12.3802378889441
-7.86946222925009 17.7546388358931
10.0804346040254 -10.1670301149359
-6.46446637997781 18.262466659334
16.8631454928621 -1.99162809533228
-6.2190490002044 -12.6847141175737
-20 -3.04463042210606
-10.8781023053504 6.79760206851585
-0.639780458621491 -13.2754951939435
-3.25288469188935 -2.63563782480927
-6.97821217943057 13.0024660677463
-7.5555261954403 -14.196632296918
-15.5557250379301 0.869704677508217
-14.5114622543879 2.47504719629052
0.207738046984876 0.301001869780471
0.437140493156335 0.535714954952034
-6.04768172409847 13.1531947387467
-0.672237493873023 1.46853120519495
1.68499383668465 -15.4423793471013
-13.8458669878456 2.50971820737455
-14.495915585116 4.22543876284207
3.33219826548824 -3.52213853092705
4.90056223087024 -2.49325929582169
-10.648835246801 -10.3296377019676
-0.887253099337201 -13.2651372086161
-18.3342984866933 -0.02258219633379
1.6583871647514 -14.3575614044462
-0.137823235443765 4.59565782803079
-10.0678577133494 2.79814469511114
-16.1410420861792 1.75186942990523
-9.6963306048594 17.2441413091583
10.5186240915371 -6.82170027907839
-2.6274161650337 -13.7136083345498
-4.53504171199881 -6.19518515389276
-3.98511627984967 -2.79256444937064
-6.99689543294 14.9371694078059
15.9447595694576 -3.22563867258095
-11.0046681543542 -10.5193297509746
-10.4315481788462 -10.826227492839
-3.85345749107871 9.56073884831219
2.51925157715253 -10.4185220806839
-15.4220157673997 -2.21522065148783
15.5134313799383 -4.88770789708197
2.65474482491458 -0.0401709082506301
-0.745060394045424 1.53139664390033
6.93549190885619 -12.5957496932775
-0.656896930737688 4.19479828932533
8.32826317361689 4.91657607485806
1.55964017526425 -5.39709683235968
-9.33816640595886 -8.79510913277386
-5.04606181627017 12.0389811696949
-7.87515418745604 11.8358276555647
-6.46964679033677 17.1836995068639
-10.7558612584231 5.17173689087139
-15.4878216341711 -5.1937638841583
-4.04116864603909 12.6624452450217
-6.92282376431445 -13.9663726113587
-6.64438160711796 -13.28793091106
9.64069179405016 0.372858492385468
-4.64077996570986 -10.7767522548227
-4.43434044276192 -7.46043754624624
1.08418345266153 -1.65329390365889
9.37242161730427 -8.86898802050132
-18.8864919012484 -0.228694873803637
-0.0505261977125535 -8.07802955037845
-9.37315236944718 19.0136714714849
-9.765795017926 16.9482884337419
-1.66213607741154 -9.03285077204869
1.85313311266461 -7.06558320276714
-11.0935206486348 -6.27469237393874
10.3394934815763 -8.13458578702254
8.12386477643962 3.17162476789808
8.79480718579643 -11.3930498087068
7.54153669939475 -9.29396153173685
-0.210718037182552 2.54840868508559
4.27271655883986 -9.76306914334483
0.575311631637241 -7.45512354663544
16.4520508159321 -5.22489342393384
-18.7472664894637 -1.849821080066
11.1663804367741 -8.83153079193406
-3.35464672299791 11.1515979489023
5.22142902072236 0.0797219990362379
0.103680087788408 -11.1601831566599
15.4640429025924 -5.36141051579315
1.51426439806425 -4.59998590097124
-8.86656688172934 -9.64744765731519
-5.43948440072809 10.3100613271326
18.531811119341 -1.13977994420279
-9.60607001362298 18.3610233339694
-1.65432254856639 -12.7313391566091
-2.84997317923723 -16.8159610385194
-0.493733001402429 -1.21249983228159
17.1330431019392 -0.757109127940097
-4.41064586377154 -6.49632835922736
6.49814509169908 -10.4994720697536
4.10004344674454 -6.34052888345955
4.43742119001453 1.12008133657946
-10.7414160159747 7.04793921275151
-17.8644493446115 0.76157976777278
10.1089970753114 -7.44289716378152
9.14643101319265 -6.61037185434494
-3.42639538011549 -15.9187512603334
-17.3322977806257 0.997899567952189
-11.7873040514853 -1.60581415459815
-13.9786298391568 0.0624979379028723
-0.814987721038943 11.5750732181011
-13.3522387966502 0.295851662340976
-15.2722834877203 2.50882823183525
6.31610945490978 0.270089851515294
1.89607084977141 -12.4606118046703
-11.4837387561094 5.48815571660866
-11.4230070472427 5.06261748812581
-8.37214265015163 -11.2581811113902
-4.90506857331462 -5.65082551599342
-14.6360480514246 -4.99402216921413
8.84020498505588 6.31145341544077
9.15609946357722 3.87200992308638
-9.83014229180995 7.38560685031363
-4.69367907168614 -9.97497002640777
-17.133846519934 1.8516269608641
-2.58258435067488 -12.2534453140254
-17.5240319261159 -2.35815934780385
4.48142195935229 -5.06022821725341
5.84589518520765 -0.469598795703515
10.2800740868643 -2.06839551033679
0.165266732642664 -7.94933794067592
-9.84430092944164 19.5995209879744
-15.4391557058082 1.29845242895382
-15.4606944492235 3.14176600085199
-6.69135247038149 17.0704509823434
-10.2561663740173 17.1912137185198
-12.013839107781 4.03860873950345
1.19483181208932 -4.26819829215159
-9.2363950130197 17.0040654539286
-7.33741895231786 -12.1715059153127
-10.368623151798 6.02395284364647
14.5697673270002 -3.81998750760724
0.250471584975958 -5.44125047292056
6.84419793564516 -7.45926585371055
1.41725192579705 -5.77210117673327
-13.1598970612812 -2.81390469266025
-13.1936198158843 0.234734938904175
6.95493647637682 -12.8256476104791
1.92397134711022 8.11622523326012
8.39591537898844 -10.1644058602483
8.99653866665778 -6.99268407164124
6.37144048752689 -12.4419011633407
17.6606719993181 -1.86347704255552
1.73159471337463 -10.6267240400995
-13.9165852496966 -0.0345094105820323
-11.1397805611973 -6.83737383730337
-12.1414753916936 4.75522507146073
-14.2924611914007 -5.85560894603016
-9.68286245031972 20
-5.31392582617135 13.1753547822241
6.81394728268446 -4.94988761228869
3.56156034954615 -3.73497008527065
-8.07937345023029 -12.3353535772771
12.5683606872205 -3.63109421505015
-6.63652085937458 13.362975977579
-3.08742770680727 8.17263642965901
10.7587666676265 -2.32671083839818
-16.3959541859101 2.27780591520855
-5.6616021656867 -16.0565811348335
-9.69123177299707 17.8472306506088
8.99476912495555 5.54203662035476
-5.63517623352077 -11.8358496529261
-16.5670780800019 2.45734474904869
-4.76560969065692 -3.90293875924755
6.78085074379448 -12.4972918987755
-4.06745009549042 10.0504996363745
-5.17608230826778 -3.65143403942909
-13.6043477908542 2.37885864594482
9.08802662673707 -11.2109281509566
4.02192833051442 0.759655917791878
8.97566864879675 4.10121053669281
13.3272151807787 -4.67098159060777
3.18397921254958 -11.8645112510956
-13.2242259349138 4.36426566597378
5.84939620040558 -12.6252753533014
-13.48819610348 4.18054817318943
-5.69184989281671 12.9380406721239
-9.40568852451105 3.55954039723612
10.1874716521137 3.67376435923145
7.92592883551344 4.46447958654027
-19.3507714623957 -1.53604263590221
8.11907361026509 -0.27218815727969
-3.38514758235844 -15.9268086108097
-6.79344936333803 -15.3184217086585
2.84320710758534 -2.58531066864827
7.00687090302729 -12.6241972196088
-10.2057103664297 7.05743386610973
-17.8139642300477 0.581105074288772
-7.83484654427609 14.0780206685564
-5.73847456888778 -14.5655615853026
-3.9607521527021 12.04342741907
-6.67436586444679 -15.6176290609358
-5.3061838766489 -8.10391932641291
0.215429222235457 -8.85695355307559
-11.6334819498591 2.88812862333856
9.34477932577325 7.11081406926565
1.77024306567513 -3.15159697988384
-2.66767730970268 -12.254558784034
7.92782608875312 -0.200345311130533
15.6436235595338 -4.77182848107837
-7.14378532714439 17.3374229686324
7.42103804026885 4.80490769095679
13.8678194829538 -3.35848257839011
-18.8587292369196 -2.11553706286441
-2.59974884292557 -9.31971612242305
10.2148826988798 -5.64720810739579
-10.4524237475528 -7.9642971221269
-16.5771540448018 2.52137233734717
2.97858707660462 -3.89206483126704
-8.00951381876621 11.2583028589132
-16.9391426032068 -5.49743448542476
-17.9223251910251 -1.90604772010526
-4.50827403976054 -2.2131795568906
10.2019726231829 -10.074457849432
-10.0262885298241 17.5352150877412
-11.852589164687 4.20594354333158
-0.23279951249464 0.589316077147789
-6.60616133298712 13.982546152934
-19.1342930061578 -4.06904881993602
-1.80356873488695 -8.91881540515342
11.5767464028373 -0.69903271492182
-14.3206237069262 4.16884530336889
13.5944198085147 -2.13243131941305
2.72755690455536 -3.92664784073357
-7.03953213771396 14.2436198558557
-9.0079297391298 18.5493937438165
15.3018786130175 -6.43669688458067
-2.32675820269926 10.3645078464546
-5.09808597883064 -5.3741457277313
-12.612189307627 3.13401599295129
-8.9550854136219 16.7407616862175
-3.77714469844265 11.4909532918014
7.90854409261208 3.67802277649918
8.25877019767484 -7.56980808707551
-5.07041745822728 -14.3594477067997
-3.40139891076546 9.06686374205103
-18.0204646849779 -0.346816698523973
10.0442118207133 -5.93860996618879
-17.2071468318368 0.441742552569906
-12.4253890039947 -6.04346172189594
14.1773703561244 -5.46980721067626
3.16873087422721 -6.81534979919933
-2.94774209433459 -14.3662987523358
-4.63326697876095 -14.3132291084411
2.43982698031159 -8.97459623819007
0.425736318937378 1.42543666086451
15.1625421887326 -4.41981773087172
4.07245422851231 -12.1098179937104
-12.8644766529606 -2.02378072760225
-3.34452732146292 -16.0976395759133
-6.00436652469053 17.5608984261926
-16.5973852566482 1.99143989929027
-11.7388644567669 15.8680704660258
-0.269377646448628 -5.79879384152005
-6.03387434903915 18.4855254146848
0.879091959161187 -10.8072438771054
-4.90040659569679 14.0251517673269
-2.59141030598808 -9.78586823584001
-14.7493211537331 -2.53868441699027
-6.18258203558534 14.1858303592055
-7.79015427500097 11.4789228286406
-10.7280319345425 -10.7553864896971
-2.63704957003155 -17.1281188331195
10.3212138923719 -4.6337500579125
-9.62391778381604 19.1112352053436
-5.93982316832438 13.8710145062173
4.279509674025 -12.0104487864359
10.6453302725457 -9.81428681452176
-16.7554041660239 -2.63382064531829
-9.58135688682864 7.12018400878392
-2.98174552282911 9.60431972686411
0.224163325583255 4.88105534340189
-0.644483828330586 4.30811136868508
-6.01796170082299 -15.7787755315896
4.74039963185708 -7.15075815993038
-13.0138154562641 -5.34973265960236
-0.451210079147359 4.23110971054682
6.46637850726002 -5.40101531830038
11.2913069666998 -1.36929812449371
5.20713900142679 -0.132316979926909
-3.41459571031895 -14.7318013882805
0.846781427076539 -3.94282603199879
15.9384270633063 -6.16340421680638
11.4659235757804 -1.04525444087725
0.315137396255242 4.50316251103633
-1.44177212344593 -17.2561952516976
-9.21989149768884 -9.39822527509081
-8.7709849796018 15.6069908574183
8.19272052067218 -8.35329693219324
9.74872640833062 0.292327995176556
-18.4858966156105 -1.52817773971037
-3.17698404823364 8.80943499266715
-5.0765458585111 -7.82490222629655
-4.46666346312999 11.2395353729813
-0.109421922450366 -5.34166588297804
-9.84280102046164 19.8575261694819
12.7027598920493 -5.27666480464208
3.57538735492219 -8.36603386824658
-1.22043652804653 -10.4286991095637
-11.9281664991586 -6.13017013646686
-19.5130039332278 -1.77132833006162
-15.955317369267 0.655644967162964
-5.95044184653533 -15.9052128047555
-3.32082753720508 -14.4670402452495
-18.864014409487 -2.14973768300237
9.28636188651181 -9.75393796538202
4.55119480511746 -6.79596404104301
10.5561507717114 -4.22561277993814
-6.51132396681158 14.4836599349464
-16.3442827513355 1.58086897245876
15.5142560322586 -3.68926177253786
2.64682794011432 -4.05377343790024
-1.17965779661831 -8.86995366700453
-14.8165925043877 -6.37474520399477
-17.3903385911732 1.15028395995848
-0.224869854079714 3.69079797764689
-6.08956845155954 11.6694782906801
4.123261414049 -4.42952292924557
5.02689358369376 -1.02524700288444
14.8958920479777 -1.54217863427099
-18.0918028511013 -2.82515678363698
-5.05019348364321 -3.24313459410109
-17.7292046151495 -2.3792879284172
-3.37369059542916 -14.4581781705024
-7.8091369314047 -10.784283451455
-4.93905605849055 -13.0461114207793
-16.4304453620559 1.37868059395411
-7.97926716570062 15.8958825625153
-7.09296479581707 -12.9218778119711
8.91305119030833 -11.2511283386273
-18.3463982874492 -2.38298907450028
-3.59386886544565 -16.5961617667182
-16.4489136152661 2.89507333995864
-12.5346341278768 3.0787356169599
0.0690609664804711 -8.60472734897772
-3.87874333548635 -15.3290276529604
-7.83468198621382 18.0681522211017
4.08715801261321 -10.379703581003
-10.3908114875377 -8.60782425434148
-14.9196848487449 2.20044775527732
-11.8984042879392 -0.538684208880515
-16.1735968163325 1.69026626592787
-6.54637374027017 -13.28210975777
-7.71757123424966 15.1928831433313
17.0016237063264 -1.31610004890613
-6.62106231493401 -11.335694206835
-3.4465621320789 8.75487029584714
-7.98544603771823 13.9406619420239
-4.26514894765895 -2.50620228347553
10.1907274535202 -10.3441680735171
-0.37740667009448 -12.0321095083596
-4.70359674536904 -5.04409342976882
-17.9219483474135 0.352866865166568
-8.40800066711182 -12.8139035367587
-5.50158374163072 -12.8991172243285
15.2656415765596 -1.05393697747548
0.117374786722827 3.95847764342577
-3.7098824154025 -13.9408446610081
2.07284910604095 8.17692723915125
-13.031774686793 -7.09376548613829
2.23692680739033 -3.50849836507157
-3.85194937670684 9.85322707914989
-4.00116137236658 -3.29359141720967
-17.8534039062237 -0.198574837333744
0.342251536941642 -8.09478544977829
-0.0468021835293797 -1.50066637053954
14.6807770374925 -4.1396208942826
-3.99693954004675 -8.41906668553608
6.13172087783099 -12.9155042173607
9.06687199463841 3.90111727336496
-16.1923641688359 1.29196198755232
-4.82909593460894 -3.98518640877278
-3.63891730373949 -14.9613892678237
-19.4883127449633 -3.74093700996409
2.6410481548939 -2.61651458345768
-13.1769890847978 -2.20526469079318
-8.48929831062596 16.7437032744933
-3.10483612540357 11.7756514422246
-1.21349220320933 -11.1623044420635
6.29984379368263 -12.2099525697661
-1.2441507532133 -3.34873535071443
8.48317039839476 5.71190304593859
-10.7279992548517 6.62676367236552
9.83947749288772 -5.92299698875918
2.02957049603574 8.11902288616342
9.79799295645293 -6.03007417359006
-1.23411978203474 -14.6387635659771
11.5514641069809 -0.737844005527325
8.60340707638615 -10.8120995934409
-18.7531791085207 -0.904718561285282
17.5006857216841 -1.91514221633798
-7.69314232602334 12.1578993439813
-18.9399490565785 -3.29281152663973
0.47034909803163 -8.30902744439131
8.35915231681532 3.35398865523528
11.5047928952753 -8.3517080231847
-8.03707456658302 -10.7299836177696
0.982046677633875 -9.17833313575649
5.13343584338626 1.09428107885984
-16.4481777450113 -1.68488721808817
9.01541037704924 7.20299364928279
-6.98182617560569 -12.2916666588922
4.00012156688279 -4.42255589902921
4.33824868168239 -12.3804694532092
14.6923420561774 -1.22531045711978
-11.3271227543844 -5.36822837239883
-7.421374704962 14.478472456138
-9.30146717455542 -4.21956467713869
-1.97036953177068 -8.81103245018325
6.09288216794852 -1.12579644696057
-8.89784761500887 18.7970500373948
-1.33256960159688 -10.5891876762379
5.05343268361978 -6.35360144592508
-4.78554340824978 -16.1347581427327
10.1355465151791 -9.25133091194508
-14.6497286266969 -5.93799958966966
1.37061441694411 -15.5515520434972
5.02833780694875 -8.96305977867729
3.76995076458852 -6.70430615580034
-0.202242939864114 -3.78149847051977
-19.2489062726451 -4.12230496307102
4.95118135604089 -6.14996058154435
17.1604015708777 -2.10587704740158
7.87125362129977 -0.438089967800085
3.10282394730162 -13.217181097371
-1.06400240265248 -10.0549901541065
0.34998998299708 -3.96491506423856
14.596672271356 -5.16426299071014
-3.2083433155737 8.50313167567268
-18.7467132269579 -4.26847120678726
-15.1822316927011 -3.03786829733041
-2.01881460870369 -11.7827346350858
3.42686710991808 -8.47740038756702
-5.32830247746636 -13.345646730494
10.0668256407281 7.20502194263966
-5.74676287185033 -14.5569654015456
12.3065557743873 -2.27099236461897
4.88390104582807 1.57584432679155
-2.79354507853458 -13.664068689515
10.5443549660318 5.18875764689409
-4.11492327175002 13.3358624880647
8.3985546998046 0.330346321201901
2.20950868257425 -12.7142445275467
-3.34646018423749 11.135671602215
-17.6341711828205 -0.0524094214033397
-4.62295731395089 13.8877742441704
-8.49925888536866 -12.4570273157442
7.92763741809507 5.13291104162309
17.2023620400447 -4.4275413162494
17.2839352442184 0.306590669383134
4.1899111765041 -1.87762062396108
-5.37738970186051 -5.89769081885996
-11.1812945144335 -3.51790201843846
15.0523354452391 -5.94426434632076
15.0166902595875 -6.19890929092424
-5.98115521856704 -3.62122563818257
-10.5700211257804 -4.2030417649888
-1.60258942350958 -16.1262139508536
2.48697887131375 -9.95770373981374
16.4283569643411 -5.35601950002883
7.57817939430927 -9.89285630572331
-6.69979122817914 18.591268189853
-7.51736218445033 15.1700021634202
-0.236770655721838 3.56992973364575
-5.2806145209501 9.0209459979389
-6.82201300864267 13.1524910770593
-2.22691176762265 -14.8942975891208
-16.9658011294921 -5.50262000227506
-16.3005155411776 -1.03134943633529
-3.44956842551409 -10.2918792207303
-14.8527433313369 -5.93137398194555
6.85668717996661 -7.44715684769053
3.50173314143674 -1.10813700142294
-14.5843064355416 3.07622301127663
14.707904503841 -3.91632131097446
14.8903159994619 -4.69101006685141
-6.01280521210478 17.2605255368455
14.0062255225066 -2.57083548009771
10.4592050300357 -8.1638350187263
-3.98860995291454 9.57682509189637
-17.8920008618009 -5.06148596626477
9.22142012829884 6.17594911886349
0.433959055079114 1.60063566556973
1.05396991069748 -9.3781367153043
-14.4629063208075 2.99613314528372
-1.85535969763217 -16.0628768542283
-19.0083214206099 -1.13347825360877
-0.667442358051382 4.2033789042635
11.9250207205657 -2.9843219879552
-6.31371411831176 13.6022663699381
-3.29777562332529 7.58999818491595
18.465170928823 -1.60118051880771
-14.7143831117861 -6.07421031787148
-9.79219846223568 17.7886456772861
2.60171952485483 -10.3679335312203
-4.06054309784706 -13.8746068457252
-0.700506026460864 1.84568580548625
-0.822931307072299 11.5716530922227
-4.88391977890577 10.1984601450645
-5.61171190526125 11.2971750598122
12.7343056032578 -4.17511359110883
-1.35930272411802 -17.0974805211261
-11.793302213589 5.05249676687376
1.64508195907523 -1.42127518008055
3.71253139935416 -8.36151103940353
10.6960096117305 -5.97185492720221
16.7534460388103 0.26261911924329
4.25883960958253 -9.12725583940072
-13.6762937984151 3.82131936838485
9.96412520029123 -9.07800861263992
-7.02872030270638 -11.2367836211732
8.62170411290056 -0.193004029266781
8.74616323489371 -10.45028606724
-9.02213480881247 -10.1169582858722
9.55779091620487 6.22859596860747
2.03717980151661 8.13842251833862
-6.7084382347542 13.7940673073877
-2.340334479258 -16.8383905649905
1.03287198653588 -14.4601613697491
-0.07397998968111 -10.3476484663713
-0.234636033985286 -0.724211833349262
7.90799748787069 3.48126228606395
-11.495569849007 -6.45636116635709
-5.80105685152053 -14.1424587923871
4.44463507630569 0.855555876844743
-13.3463587328323 -3.18209579053319
10.7112596499307 -6.22672504849564
-11.9098032681047 5.61637638850326
-11.6939349159167 -1.59741681201032
-4.42097467671702 -13.0531855540845
-6.85575423966329 12.2759824047597
-2.8141735678495 11.3220374566315
-4.45443494503507 -13.2665436400215
-19.733162590266 -2.93864104601373
6.87753047937345 -5.50394681274219
-0.277346485027444 -8.47504696028311
9.57934435453632 4.89235038638946
2.75283415583642 -8.02486640453689
9.57408957922222 6.98489239020539
-11.2075941754473 5.39680720485537
13.7728048928762 -3.15792794008244
-8.7795004061358 -13.1364053398182
-4.04307251880171 -5.44574187064733
-10.4618544567376 17.4303536666445
-17.2928987736012 -5.02510976613204
-3.26564881472795 7.74159208914236
-18.4730967899902 -0.559154386424609
2.72425869786082 -1.71917548385156
-18.1908779589219 0.815783060573768
0.168558368491283 9.54202269793285
-5.61908288764468 -4.35598840152966
-0.439118332240248 -4.77215192066659
0.246670327173554 -11.7314223698846
-13.1958786419178 -2.12272083526581
-14.2861647805862 0.552585321028914
-4.72020268293651 12.8341468826419
1.44561585749076 -1.35141046235528
-4.29604558179725 -2.78581464840926
-10.7276725613667 -9.6532237227387
-5.8164905190258 14.3867048591946
-14.9434040216712 -3.01651383388161
-11.0157751377996 -10.437307743728
-14.4726359184128 2.57845152212873
7.53657557560944 -10.6095170154367
4.15551640068523 0.0280879898167399
-1.1740244996864 -9.11708201184648
-7.11451456590434 -13.7037879763001
9.47349617390238 6.65121141527226
-8.84255308644212 -11.5822115232827
-8.13310258571775 16.7230660480042
-17.6465224189153 1.13430730370378
4.54115817126772 -1.33496383998503
-0.203325490892951 -2.73655809257246
-1.42271568914261 3.38305186638167
14.9457183745205 -6.00483592082787
0.79959776908554 -8.28305014663838
-15.3313644896549 2.42561513754941
15.3474227727604 -5.17055033262629
-3.78025211193687 -16.6646234133006
6.46834285378228 -12.5528783959685
0.434432539642341 -15.5735249385074
11.5132419741346 -0.829211077487805
4.56405382008846 -9.33812807746686
-3.13984433576788 -2.56442539426295
6.96206305036223 -0.240097131016906
1.28625098884044 -15.8308498306285
16.0568220951392 -4.82493295775374
17.664235926593 -0.0213592135037679
-0.31728420862137 1.79643560483096
-7.32991891695634 -13.3242396728494
1.92474336318683 8.07262495396323
-4.35220582741599 12.3951336363487
-4.58057163165762 -4.12311181448717
17.5148360575953 -1.75632869661866
18.0228771576411 -0.368369645129047
-4.79068883109379 -10.0317032698132
-15.2129709996972 -5.80265814596515
-0.951491306872889 -5.34224436737541
8.47941131231121 -9.4059953062008
5.53571375601467 0.467637688784723
14.5706771887432 -2.27787407851534
-4.85382004487912 11.4626446902487
-0.6758078678529 1.68362956166884
1.26206936020954 -15.7533723789725
-4.99553743528483 -7.41329270303313
-17.071921587197 1.24827355386656
6.52066615233515 -12.7275765832305
-3.80934099219306 -10.9845119855964
-0.317866512629347 -2.6357521469552
9.49552634764171 7.05436230099266
9.81040229854239 -6.3944897777047
3.99654992952161 -5.17151127914209
-4.64479492952339 -14.2817946806337
-4.51388130771655 11.3068778745052
-2.72432272080146 11.6216048901557
9.74915565670277 7.80088824178957
-4.11699383066654 -7.56150479491266
8.28059756735104 -9.57240623669648
